0 0.3212890625 0.03125 0.05859375 0.05859375
0 0.3896484375 0.919921875 0.05859375 0.05859375
0 0.6611328125 0.3427734375 0.05859375 0.05859375
0 0.72998046875 0.333984375 0.0556640625 0.0546875
0 0.40234375 0.87109375 0.0546875 0.0546875
0 0.38330078125 0.09228515625 0.0537109375 0.0537109375
0 0.21337890625 0.09228515625 0.0537109375 0.0537109375
0 0.486328125 0.767578125 0.052734375 0.052734375
0 0.7685546875 0.189453125 0.052734375 0.052734375
0 0.748046875 0.09375 0.052734375 0.052734375
0 0.94775390625 0.73779296875 0.0498046875 0.0498046875
