0 0.70751953125 0.16080729166666666 0.0576171875 0.07682291666666667
0 0.49365234375 0.841796875 0.0576171875 0.07682291666666667
0 0.8251953125 0.6744791666666666 0.056640625 0.07552083333333333
0 0.53857421875 0.279296875 0.0556640625 0.07421875
0 0.34619140625 0.623046875 0.0556640625 0.07421875
0 0.82177734375 0.6145833333333334 0.0556640625 0.07291666666666667
0 0.10546875 0.6119791666666666 0.0546875 0.07291666666666667
0 0.546875 0.6822916666666666 0.0546875 0.07291666666666667
0 0.73974609375 0.845703125 0.0537109375 0.07161458333333333
0 0.52783203125 0.4654947916666667 0.0537109375 0.07161458333333333
0 0.4267578125 0.94921875 0.052734375 0.0703125
