0 0.54931640625 0.89892578125 0.0595703125 0.0595703125
0 0.662109375 0.4208984375 0.05859375 0.05859375
0 0.75390625 0.8818359375 0.056640625 0.056640625
0 0.47021484375 0.50244140625 0.0537109375 0.0537109375
0 0.76904296875 0.041015625 0.0537109375 0.052734375
0 0.7919921875 0.6669921875 0.05078125 0.05078125
0 0.392578125 0.0693359375 0.05078125 0.05078125
0 0.236328125 0.9345703125 0.05078125 0.05078125
0 0.5078125 0.8701171875 0.05078125 0.05078125
0 0.5419921875 0.28466796875 0.05078125 0.0498046875
0 0.23876953125 0.96533203125 0.0498046875 0.0498046875
0 0.45947265625 0.03857421875 0.0498046875 0.0498046875
