0 0.05322265625 0.08272327964860908 0.0595703125 0.08931185944363104
0 0.1875 0.8169838945827232 0.05859375 0.08784773060029283
0 0.8251953125 0.5197657393850659 0.05859375 0.08784773060029283
0 0.30029296875 0.8792093704245973 0.0576171875 0.08638360175695461
0 0.259765625 0.5856515373352855 0.056640625 0.0849194729136164
0 0.77978515625 0.7357247437774525 0.0556640625 0.08345534407027819
0 0.25830078125 0.6200585651537335 0.0537109375 0.08052708638360176
0 0.71728515625 0.5058565153733529 0.0537109375 0.08052708638360176
0 0.1357421875 0.2869692532942899 0.052734375 0.07906295754026355
0 0.072265625 0.6281112737920937 0.05078125 0.07613469985358712
0 0.14208984375 0.9114202049780381 0.0498046875 0.0746705710102489
