0 0.48625 0.44183864915572235 0.05875 0.08818011257035648
0 0.8471875 0.5614446529080676 0.058125 0.08724202626641651
0 0.7590625 0.1824577861163227 0.056875 0.08536585365853659
0 0.7525 0.2701688555347092 0.05625 0.08442776735459662
0 0.889375 0.3531894934333959 0.05625 0.08348968105065666
0 0.8546875 0.7875234521575984 0.055625 0.08348968105065666
0 0.3003125 0.4540337711069418 0.053125 0.07879924953095685
0 0.103125 0.7063789868667918 0.0525 0.07879924953095685
0 0.39375 0.9568480300187617 0.05125 0.07692307692307693
0 0.6565625 0.4272983114446529 0.050625 0.07598499061913697
