0 0.875 0.80078125 0.05859375 0.05859375
0 0.1044921875 0.95703125 0.05859375 0.05859375
0 0.6748046875 0.3583984375 0.05859375 0.05859375
0 0.84814453125 0.25390625 0.0576171875 0.056640625
0 0.17138671875 0.5146484375 0.0556640625 0.0546875
0 0.8046875 0.3671875 0.0546875 0.0546875
0 0.150390625 0.0498046875 0.0546875 0.0546875
0 0.02880859375 0.67626953125 0.0537109375 0.0537109375
0 0.4521484375 0.873046875 0.052734375 0.052734375
0 0.6435546875 0.4375 0.052734375 0.052734375
0 0.54931640625 0.10986328125 0.0517578125 0.0517578125
0 0.1474609375 0.8125 0.05078125 0.05078125
