0 0.9396875 0.29278445883441256 0.058125 0.08603145235892692
0 0.8096875 0.5624421831637373 0.058125 0.0851063829787234
0 0.47125 0.72895467160037 0.0575 0.0851063829787234
0 0.8440625 0.16419981498612396 0.054375 0.08048103607770583
0 0.7175 0.5023126734505088 0.05375 0.07955596669750231
0 0.7003125 0.5786308973172988 0.053125 0.0786308973172988
0 0.4975 0.6225716928769658 0.0525 0.07770582793709528
0 0.389375 0.16651248843663274 0.05125 0.07585568917668825
0 0.1278125 0.7534690101757632 0.050625 0.07493061979648474
0 0.67875 0.11193339500462535 0.05 0.07400555041628122
