0 0.84130859375 0.119140625 0.0595703125 0.07942708333333333
0 0.70654296875 0.8352864583333334 0.0576171875 0.07682291666666667
0 0.43017578125 0.123046875 0.0576171875 0.07682291666666667
0 0.8369140625 0.1328125 0.056640625 0.07552083333333333
0 0.7099609375 0.18619791666666666 0.056640625 0.07552083333333333
0 0.6259765625 0.11653645833333333 0.0546875 0.07161458333333333
0 0.79345703125 0.646484375 0.0537109375 0.07161458333333333
0 0.93212890625 0.080078125 0.0517578125 0.06901041666666667
0 0.48974609375 0.802734375 0.0517578125 0.06901041666666667
0 0.33203125 0.2890625 0.05078125 0.06770833333333333
0 0.56982421875 0.822265625 0.0498046875 0.06640625
0 0.54248046875 0.6790364583333334 0.0498046875 0.06640625
