0 0.4075 0.3490566037735849 0.05875 0.08867924528301886
0 0.9715625 0.1240566037735849 0.056875 0.08584905660377358
0 0.168125 0.7943396226415095 0.05625 0.08490566037735849
0 0.735625 0.6849056603773584 0.05625 0.08490566037735849
0 0.7375 0.7839622641509434 0.05625 0.08490566037735849
0 0.6315625 0.5325471698113208 0.054375 0.0820754716981132
0 0.3859375 0.8363207547169811 0.054375 0.0820754716981132
0 0.1859375 0.904245283018868 0.053125 0.08018867924528301
0 0.605 0.4207547169811321 0.0525 0.07924528301886792
0 0.4034375 0.7523584905660378 0.051875 0.07830188679245283
0 0.908125 0.32075471698113206 0.05 0.07547169811320754
