0 0.0322265625 0.580029368575624 0.05859375 0.0881057268722467
0 0.9619140625 0.7767988252569751 0.05859375 0.0881057268722467
0 0.90625 0.18208516886930984 0.05859375 0.0881057268722467
0 0.220703125 0.5903083700440529 0.056640625 0.08516886930983847
0 0.29443359375 0.5499265785609398 0.0556640625 0.08370044052863436
0 0.66552734375 0.14904552129221732 0.0556640625 0.08370044052863436
0 0.68994140625 0.5895741556534508 0.0556640625 0.08370044052863436
0 0.50390625 0.8942731277533039 0.0546875 0.08223201174743025
0 0.1669921875 0.17474302496328928 0.052734375 0.07929515418502203
0 0.05078125 0.71071953010279 0.052734375 0.07929515418502203
0 0.46484375 0.6490455212922174 0.052734375 0.07929515418502203
0 0.02734375 0.2701908957415565 0.05078125 0.0763582966226138
