0 0.5928705440900562 0.07625 0.05628517823639775 0.0375
0 0.15103189493433397 0.245625 0.054409005628517824 0.03625
0 0.16041275797373358 0.863125 0.054409005628517824 0.03625
0 0.9446529080675422 0.725625 0.054409005628517824 0.03625
0 0.424953095684803 0.980625 0.054409005628517824 0.03625
0 0.725140712945591 0.394375 0.054409005628517824 0.03625
0 0.8761726078799249 0.47125 0.0525328330206379 0.035
0 0.2607879924953096 0.72625 0.0525328330206379 0.035
0 0.6163227016885553 0.528125 0.05065666041275797 0.03375
0 0.18855534709193245 0.603125 0.05065666041275797 0.03375
