0 0.7215625 0.31333333333333335 0.059375 0.09743589743589744
0 0.8209375 0.4076923076923077 0.054375 0.08923076923076922
0 0.2571875 0.221025641025641 0.054375 0.08923076923076922
0 0.2190625 0.06307692307692307 0.054375 0.08923076923076922
0 0.3578125 0.7 0.054375 0.08923076923076922
0 0.653125 0.9312820512820513 0.0525 0.08615384615384615
0 0.5278125 0.07230769230769231 0.051875 0.08512820512820513
0 0.235 0.2 0.05 0.08205128205128205
0 0.78125 0.796923076923077 0.05 0.08205128205128205
0 0.625625 0.3035897435897436 0.05 0.08205128205128205
0 0.965625 0.7497435897435898 0.05 0.08205128205128205
