0 0.8154296875 0.23307291666666666 0.05859375 0.078125
0 0.9599609375 0.5716145833333334 0.05859375 0.078125
0 0.263671875 0.4609375 0.05859375 0.078125
0 0.34033203125 0.748046875 0.0576171875 0.07682291666666667
0 0.8505859375 0.1484375 0.056640625 0.07552083333333333
0 0.95263671875 0.4212239583333333 0.0556640625 0.07421875
0 0.6337890625 0.10872395833333333 0.0546875 0.07161458333333333
0 0.61328125 0.049479166666666664 0.052734375 0.0703125
0 0.9677734375 0.091796875 0.052734375 0.06901041666666667
0 0.83984375 0.1796875 0.05078125 0.06770833333333333
0 0.04638671875 0.806640625 0.0498046875 0.06640625
0 0.70556640625 0.384765625 0.0498046875 0.06640625
