0 0.6720430107526881 0.5764285714285714 0.059628543499511244 0.08714285714285715
0 0.31671554252199413 0.8278571428571428 0.05865102639296188 0.08428571428571428
0 0.9081133919843597 0.30428571428571427 0.056695992179863146 0.08285714285714285
0 0.8279569892473119 0.5914285714285714 0.05474095796676442 0.08
0 0.7287390029325513 0.28214285714285714 0.053763440860215055 0.07857142857142857
0 0.5801564027370479 0.8178571428571428 0.053763440860215055 0.07857142857142857
0 0.218475073313783 0.38642857142857145 0.053763440860215055 0.07857142857142857
0 0.7355816226783969 0.555 0.053763440860215055 0.07857142857142857
0 0.02785923753665689 0.5164285714285715 0.053763440860215055 0.07857142857142857
0 0.6256109481915934 0.18142857142857144 0.05278592375366569 0.07714285714285714
0 0.4638318670576735 0.19214285714285714 0.04985337243401759 0.07285714285714286
