0 0.3115625 0.22790055248618785 0.059375 0.26243093922651933
0 0.3025 0.7707182320441989 0.05875 0.2596685082872928
0 0.55125 0.22375690607734808 0.0575 0.2541436464088398
0 0.2946875 0.3743093922651934 0.056875 0.2513812154696133
0 0.2965625 0.5151933701657458 0.056875 0.2513812154696133
0 0.971875 0.585635359116022 0.05625 0.24861878453038674
0 0.7975 0.6685082872928176 0.055 0.2430939226519337
0 0.295 0.5994475138121547 0.055 0.2430939226519337
0 0.578125 0.7513812154696132 0.05375 0.23756906077348067
0 0.435625 0.5138121546961326 0.05375 0.23756906077348067
0 0.685 0.3743093922651934 0.0525 0.2292817679558011
0 0.0325 0.8038674033149171 0.05125 0.2265193370165746
