0 0.53515625 0.6826171875 0.05859375 0.05859375
0 0.74462890625 0.46240234375 0.0576171875 0.0576171875
0 0.49658203125 0.03271484375 0.0576171875 0.0576171875
0 0.19970703125 0.88134765625 0.0576171875 0.0576171875
0 0.83203125 0.798828125 0.056640625 0.056640625
0 0.234375 0.2421875 0.0546875 0.0546875
0 0.77783203125 0.76318359375 0.0537109375 0.0537109375
0 0.166015625 0.15625 0.05078125 0.05078125
0 0.6943359375 0.212890625 0.05078125 0.05078125
0 0.96923828125 0.57470703125 0.0498046875 0.0498046875
