0 0.69140625 0.8084862385321101 0.0578125 0.08486238532110092
0 0.52265625 0.3704128440366973 0.0578125 0.08486238532110092
0 0.03671875 0.22591743119266056 0.0546875 0.08027522935779817
0 0.86328125 0.6364678899082569 0.0546875 0.08027522935779817
0 0.51015625 0.6077981651376146 0.0546875 0.0779816513761468
0 0.74453125 0.5825688073394495 0.0546875 0.0779816513761468
0 0.1328125 0.9564220183486238 0.053125 0.0779816513761468
0 0.30078125 0.3474770642201835 0.0515625 0.07568807339449542
0 0.4125 0.7064220183486238 0.05 0.07339449541284404
0 0.50625 0.7362385321100917 0.05 0.07339449541284404
