0 0.0978125 0.639662027833002 0.058125 0.09244532803180915
0 0.93 0.0805168986083499 0.0575 0.09145129224652088
0 0.31625 0.4010934393638171 0.0575 0.09045725646123261
0 0.0628125 0.3136182902584493 0.056875 0.09045725646123261
0 0.154375 0.8359840954274353 0.05625 0.08946322067594434
0 0.7284375 0.20924453280318092 0.055625 0.08846918489065607
0 0.916875 0.28330019880715707 0.05375 0.08548707753479125
0 0.679375 0.34493041749502984 0.05375 0.08548707753479125
0 0.9065625 0.5641153081510935 0.053125 0.08449304174950298
0 0.9140625 0.3513916500994036 0.051875 0.08250497017892644
0 0.6240625 0.6973161033797217 0.051875 0.08250497017892644
