0 0.2223264540337711 0.1983729662077597 0.058161350844277676 0.03879849812265332
0 0.28142589118198874 0.17647058823529413 0.05628517823639775 0.03754693366708386
0 0.723264540337711 0.9392991239048811 0.054409005628517824 0.03629536921151439
0 0.43058161350844276 0.6652065081351689 0.054409005628517824 0.03629536921151439
0 0.9015009380863039 0.49499374217772213 0.054409005628517824 0.03629536921151439
0 0.6050656660412758 0.040675844806007506 0.054409005628517824 0.03629536921151439
0 0.8377110694183865 0.14080100125156444 0.054409005628517824 0.03629536921151439
0 0.7654784240150094 0.7321652065081352 0.0525328330206379 0.03504380475594493
0 0.4896810506566604 0.30037546933667086 0.0525328330206379 0.03504380475594493
0 0.801125703564728 0.5894868585732165 0.0525328330206379 0.03504380475594493
0 0.7307692307692307 0.6789737171464331 0.05065666041275797 0.03379224030037547
0 0.5037523452157598 0.42991239048811014 0.05065666041275797 0.03379224030037547
