0 0.33740234375 0.7803819444444444 0.0595703125 0.10590277777777778
0 0.5888671875 0.7881944444444444 0.05859375 0.10416666666666667
0 0.35205078125 0.22395833333333334 0.0576171875 0.10069444444444445
0 0.88427734375 0.7456597222222222 0.0556640625 0.09895833333333333
0 0.3154296875 0.8871527777777778 0.0546875 0.09722222222222222
0 0.12890625 0.7309027777777778 0.052734375 0.09375
0 0.765625 0.9375 0.052734375 0.09375
0 0.0458984375 0.8559027777777778 0.052734375 0.09375
0 0.07080078125 0.0685763888888889 0.0517578125 0.0920138888888889
0 0.34326171875 0.5842013888888888 0.0517578125 0.0920138888888889
0 0.919921875 0.5321180555555556 0.05078125 0.08854166666666667
