0 0.04345703125 0.2893586005830904 0.0576171875 0.08600583090379009
0 0.65966796875 0.39723032069970843 0.0576171875 0.08600583090379009
0 0.38916015625 0.10714285714285714 0.0576171875 0.08600583090379009
0 0.1416015625 0.40524781341107874 0.056640625 0.08454810495626822
0 0.615234375 0.08163265306122448 0.056640625 0.08454810495626822
0 0.8720703125 0.8833819241982507 0.0546875 0.08163265306122448
0 0.61865234375 0.7412536443148688 0.0537109375 0.08017492711370262
0 0.7685546875 0.9489795918367347 0.052734375 0.07871720116618076
0 0.94677734375 0.9118075801749271 0.0517578125 0.07725947521865889
0 0.099609375 0.9591836734693877 0.05078125 0.07580174927113703
