0 0.5534375 0.3794444444444444 0.059375 0.10555555555555556
0 0.1596875 0.3227777777777778 0.059375 0.10555555555555556
0 0.635625 0.5022222222222222 0.0575 0.10222222222222223
0 0.434375 0.94 0.0575 0.10222222222222223
0 0.831875 0.33666666666666667 0.0575 0.10222222222222223
0 0.3596875 0.645 0.056875 0.10111111111111111
0 0.1603125 0.35333333333333333 0.056875 0.1
0 0.038125 0.1811111111111111 0.05625 0.1
0 0.4996875 0.8494444444444444 0.055625 0.09888888888888889
0 0.9503125 0.8861111111111111 0.055625 0.09888888888888889
0 0.4428125 0.715 0.053125 0.09444444444444444
0 0.84375 0.7344444444444445 0.05 0.08888888888888889
