0 0.75146484375 0.16748046875 0.0595703125 0.0595703125
0 0.6005859375 0.1142578125 0.05859375 0.05859375
0 0.67822265625 0.41162109375 0.0576171875 0.0576171875
0 0.3359375 0.8466796875 0.056640625 0.056640625
0 0.74951171875 0.27880859375 0.0556640625 0.0556640625
0 0.37109375 0.775390625 0.0546875 0.0546875
0 0.80908203125 0.55029296875 0.0537109375 0.0537109375
0 0.2705078125 0.5751953125 0.052734375 0.052734375
0 0.443359375 0.7353515625 0.052734375 0.052734375
0 0.91845703125 0.18115234375 0.0517578125 0.0517578125
0 0.5361328125 0.6640625 0.05078125 0.05078125
0 0.85986328125 0.06689453125 0.0498046875 0.0498046875
