0 0.9399249061326659 0.811377245508982 0.058823529411764705 0.281437125748503
0 0.9302252816020025 0.7380239520958084 0.05819774718397998 0.27844311377245506
0 0.5522528160200251 0.531437125748503 0.05694618272841051 0.27245508982035926
0 0.32822277847309134 0.7859281437125748 0.05694618272841051 0.27245508982035926
0 0.03316645807259074 0.29790419161676646 0.056320400500625784 0.26646706586826346
0 0.21088861076345433 0.7485029940119761 0.05506883604505632 0.2634730538922156
0 0.8807884856070087 0.4476047904191617 0.05444305381727159 0.26047904191616766
0 0.7994367959949937 0.5104790419161677 0.05444305381727159 0.26047904191616766
0 0.6051314142678348 0.23952095808383234 0.05381727158948686 0.25748502994011974
0 0.2571964956195244 0.5718562874251497 0.052565707133917394 0.25149700598802394
0 0.5003128911138923 0.13023952095808383 0.05193992490613267 0.24850299401197604
0 0.8157071339173968 0.5419161676646707 0.05193992490613267 0.24550898203592814
