0 0.615625 0.8496503496503497 0.05875 0.06573426573426573
0 0.6125 0.9524475524475524 0.0575 0.06433566433566433
0 0.076875 0.679020979020979 0.05625 0.06293706293706294
0 0.103125 0.7839160839160839 0.05625 0.06293706293706294
0 0.813125 0.6972027972027972 0.05625 0.06293706293706294
0 0.611875 0.24965034965034966 0.05625 0.06293706293706294
0 0.64375 0.9167832167832168 0.055 0.06013986013986014
0 0.29125 0.6041958041958042 0.0525 0.05874125874125874
0 0.560625 0.5195804195804196 0.05125 0.057342657342657345
0 0.210625 0.8944055944055944 0.05125 0.057342657342657345
0 0.62 0.5272727272727272 0.05 0.055944055944055944
0 0.14375 0.08391608391608392 0.05 0.055944055944055944
