0 0.26416015625 0.25244140625 0.0595703125 0.0595703125
0 0.06884765625 0.35302734375 0.0576171875 0.0576171875
0 0.87646484375 0.50341796875 0.0576171875 0.0576171875
0 0.54150390625 0.07763671875 0.0556640625 0.0556640625
0 0.8916015625 0.92626953125 0.0546875 0.0537109375
0 0.78857421875 0.15478515625 0.0537109375 0.0537109375
0 0.78076171875 0.59912109375 0.0537109375 0.0537109375
0 0.68115234375 0.92236328125 0.0537109375 0.0537109375
0 0.82666015625 0.28759765625 0.0537109375 0.0537109375
0 0.09521484375 0.61083984375 0.0517578125 0.0517578125
0 0.900390625 0.568359375 0.05078125 0.05078125
0 0.58154296875 0.26611328125 0.0498046875 0.0498046875
