0 0.84228515625 0.1603221083455344 0.0576171875 0.08638360175695461
0 0.2998046875 0.2020497803806735 0.056640625 0.0849194729136164
0 0.62646484375 0.36530014641288433 0.0556640625 0.08345534407027819
0 0.33984375 0.9385065885797951 0.0546875 0.08199121522693997
0 0.826171875 0.18740849194729137 0.0546875 0.08199121522693997
0 0.3466796875 0.8140556368960469 0.052734375 0.07906295754026355
0 0.705078125 0.11273792093704246 0.052734375 0.07906295754026355
0 0.1640625 0.6149341142020498 0.05078125 0.07613469985358712
0 0.51806640625 0.3096632503660322 0.0498046875 0.0746705710102489
0 0.43310546875 0.7210834553440703 0.0498046875 0.0746705710102489
