0 0.19482421875 0.2759882869692533 0.0595703125 0.08931185944363104
0 0.306640625 0.5300146412884333 0.05859375 0.08784773060029283
0 0.1767578125 0.582723279648609 0.05859375 0.08784773060029283
0 0.451171875 0.10102489019033675 0.05859375 0.08784773060029283
0 0.5908203125 0.20131771595900438 0.05859375 0.08638360175695461
0 0.74560546875 0.04904831625183016 0.0576171875 0.08638360175695461
0 0.22705078125 0.35505124450951686 0.0556640625 0.08345534407027819
0 0.68017578125 0.8294289897510981 0.0556640625 0.08345534407027819
0 0.0810546875 0.4670571010248902 0.0546875 0.08199121522693997
0 0.1455078125 0.6530014641288433 0.05078125 0.07613469985358712
0 0.3076171875 0.24890190336749635 0.05078125 0.07613469985358712
0 0.73974609375 0.6244509516837482 0.0498046875 0.0746705710102489
