0 0.22412109375 0.745575221238938 0.0595703125 0.08997050147492626
0 0.09423828125 0.9387905604719764 0.0576171875 0.08702064896755163
0 0.85595703125 0.661504424778761 0.0576171875 0.08702064896755163
0 0.76708984375 0.7765486725663717 0.0576171875 0.08702064896755163
0 0.275390625 0.5752212389380531 0.056640625 0.0855457227138643
0 0.89892578125 0.09955752212389381 0.0556640625 0.084070796460177
0 0.783203125 0.6179941002949852 0.0546875 0.08259587020648967
0 0.0986328125 0.168141592920354 0.0546875 0.08259587020648967
0 0.400390625 0.700589970501475 0.0546875 0.08259587020648967
0 0.2119140625 0.0471976401179941 0.052734375 0.07964601769911504
0 0.7265625 0.8377581120943953 0.05078125 0.07669616519174041
0 0.82275390625 0.45943952802359883 0.0498046875 0.0752212389380531
