0 0.5419921875 0.6243243243243243 0.05859375 0.08108108108108109
0 0.9072265625 0.1885135135135135 0.056640625 0.07702702702702703
0 0.96044921875 0.5777027027027027 0.0537109375 0.07432432432432433
0 0.34130859375 0.7114864864864865 0.0537109375 0.07432432432432433
0 0.62548828125 0.8824324324324324 0.0537109375 0.07297297297297298
0 0.79736328125 0.9155405405405406 0.0517578125 0.07162162162162163
0 0.21240234375 0.4222972972972973 0.0517578125 0.07162162162162163
0 0.2509765625 0.18513513513513513 0.05078125 0.07027027027027027
0 0.70166015625 0.20202702702702702 0.0498046875 0.06891891891891892
0 0.24462890625 0.35202702702702704 0.0498046875 0.06891891891891892
