0 0.24462890625 0.573076923076923 0.0595703125 0.09384615384615384
0 0.64599609375 0.5946153846153847 0.0576171875 0.09076923076923077
0 0.78857421875 0.8746153846153846 0.0556640625 0.0876923076923077
0 0.45849609375 0.5815384615384616 0.0556640625 0.08615384615384615
0 0.666015625 0.09692307692307692 0.052734375 0.08307692307692308
0 0.830078125 0.3923076923076923 0.052734375 0.08307692307692308
0 0.55126953125 0.11615384615384615 0.0517578125 0.08153846153846153
0 0.13427734375 0.12846153846153846 0.0517578125 0.08153846153846153
0 0.91357421875 0.10384615384615385 0.0517578125 0.08153846153846153
0 0.4423828125 0.8076923076923077 0.05078125 0.08
