0 0.5995 0.5082781456953642 0.059 0.09602649006622517
0 0.3235 0.7690397350993378 0.057 0.09437086092715231
0 0.4665 0.08857615894039735 0.057 0.09437086092715231
0 0.293 0.609271523178808 0.054 0.08940397350993377
0 0.932 0.7566225165562914 0.054 0.08940397350993377
0 0.353 0.8849337748344371 0.054 0.08774834437086093
0 0.49 0.6125827814569537 0.052 0.08609271523178808
0 0.5095 0.28228476821192056 0.051 0.08443708609271523
0 0.4255 0.7193708609271523 0.051 0.08443708609271523
0 0.5915 0.40480132450331124 0.051 0.08443708609271523
