0 0.1646875 0.8871576959395656 0.058125 0.08781869688385269
0 0.70875 0.18980169971671387 0.0575 0.08687440982058546
0 0.120625 0.22946175637393768 0.0575 0.08687440982058546
0 0.9565625 0.31397544853635506 0.056875 0.08593012275731822
0 0.7625 0.8583569405099151 0.05625 0.08498583569405099
0 0.4284375 0.7823418319169028 0.055625 0.08404154863078375
0 0.32875 0.22096317280453256 0.055 0.08309726156751653
0 0.8025 0.06232294617563739 0.055 0.08309726156751653
0 0.6725 0.7974504249291785 0.055 0.0821529745042493
0 0.390625 0.7119924457034938 0.05375 0.08120868744098206
0 0.20125 0.9036827195467422 0.05375 0.08120868744098206
0 0.79375 0.8677998111425873 0.05375 0.08120868744098206
