0 0.91 0.5166666666666667 0.05625 0.1
0 0.3903125 0.9005555555555556 0.055625 0.09888888888888889
0 0.970625 0.052222222222222225 0.055 0.09777777777777778
0 0.6284375 0.455 0.054375 0.09666666666666666
0 0.7009375 0.41833333333333333 0.053125 0.09444444444444444
0 0.414375 0.7911111111111111 0.05125 0.09111111111111111
0 0.226875 0.7511111111111111 0.05125 0.09111111111111111
0 0.085 0.8266666666666667 0.05 0.08888888888888889
0 0.54 0.8411111111111111 0.05 0.08888888888888889
0 0.9025 0.4211111111111111 0.05 0.08888888888888889
0 0.485625 0.5583333333333333 0.05 0.08777777777777777
