0 0.08837772397094432 0.27890625 0.05569007263922518 0.0359375
0 0.5847457627118644 0.33203125 0.05569007263922518 0.0359375
0 0.10774818401937046 0.30078125 0.05569007263922518 0.0359375
0 0.9334140435835351 0.63203125 0.05569007263922518 0.0359375
0 0.3801452784503632 0.76875 0.053268765133171914 0.034375
0 0.8801452784503632 0.94609375 0.05084745762711865 0.0328125
0 0.13196125907990314 0.79140625 0.05084745762711865 0.0328125
0 0.5024213075060533 0.18515625 0.05084745762711865 0.0328125
0 0.6791767554479419 0.45546875 0.05084745762711865 0.0328125
0 0.4927360774818402 0.92265625 0.05084745762711865 0.0328125
0 0.6840193704600485 0.69140625 0.05084745762711865 0.0328125
0 0.36319612590799033 0.753125 0.048426150121065374 0.03125
