0 0.36071987480438183 0.3174418604651163 0.057902973395931145 0.08604651162790698
0 0.8896713615023474 0.7569767441860465 0.057902973395931145 0.08604651162790698
0 0.07589984350547731 0.43372093023255814 0.057902973395931145 0.08604651162790698
0 0.5641627543035994 0.15465116279069768 0.057902973395931145 0.08604651162790698
0 0.49295774647887325 0.7511627906976744 0.056338028169014086 0.08372093023255814
0 0.6917057902973396 0.7186046511627907 0.056338028169014086 0.08372093023255814
0 0.5727699530516432 0.09883720930232558 0.056338028169014086 0.08139534883720931
0 0.3114241001564945 0.8069767441860465 0.053208137715179966 0.07906976744186046
0 0.5117370892018779 0.06744186046511629 0.050078247261345854 0.07441860465116279
0 0.10954616588419405 0.8093023255813954 0.050078247261345854 0.07441860465116279
0 0.08763693270735524 0.5372093023255814 0.050078247261345854 0.07441860465116279
0 0.31768388106416273 0.13023255813953488 0.050078247261345854 0.07441860465116279
