0 0.39544895448954487 0.07318573185731857 0.05781057810578106 0.05781057810578106
0 0.8751537515375154 0.6217712177121771 0.05781057810578106 0.05781057810578106
0 0.4200492004920049 0.44218942189421895 0.05781057810578106 0.05781057810578106
0 0.0965559655596556 0.6568265682656826 0.05781057810578106 0.056580565805658053
0 0.36162361623616235 0.9126691266912669 0.056580565805658053 0.056580565805658053
0 0.3899138991389914 0.4218942189421894 0.056580565805658053 0.056580565805658053
0 0.7552275522755227 0.22878228782287824 0.05412054120541206 0.05412054120541206
0 0.3763837638376384 0.055350553505535055 0.05412054120541206 0.05412054120541206
0 0.6414514145141451 0.31795817958179584 0.05289052890528905 0.05289052890528905
0 0.6420664206642066 0.34255842558425587 0.05166051660516605 0.05043050430504305
0 0.27490774907749077 0.5701107011070111 0.05043050430504305 0.05043050430504305
0 0.6623616236162362 0.6389913899138991 0.05043050430504305 0.05043050430504305
