0 0.16041275797373358 0.318125 0.058161350844277676 0.03875
0 0.5844277673545967 0.285625 0.058161350844277676 0.03875
0 0.0450281425891182 0.1025 0.05628517823639775 0.0375
0 0.6716697936210131 0.22375 0.05628517823639775 0.0375
0 0.18292682926829268 0.349375 0.054409005628517824 0.03625
0 0.4446529080675422 0.72375 0.0525328330206379 0.035
0 0.3151969981238274 0.50875 0.0525328330206379 0.035
0 0.3977485928705441 0.27625 0.0525328330206379 0.035
0 0.150093808630394 0.134375 0.0525328330206379 0.03375
0 0.12851782363977485 0.376875 0.05065666041275797 0.03375
0 0.8273921200750469 0.66875 0.04878048780487805 0.0325
0 0.4821763602251407 0.45875 0.04878048780487805 0.0325
