0 0.315 0.185 0.0575 0.07666666666666666
0 0.1775 0.49166666666666664 0.0575 0.07666666666666666
0 0.51375 0.34833333333333333 0.055 0.07333333333333333
0 0.924375 0.8175 0.05375 0.07166666666666667
0 0.514375 0.38416666666666666 0.05375 0.07166666666666667
0 0.575625 0.4175 0.05375 0.07166666666666667
0 0.298125 0.5141666666666667 0.05375 0.07166666666666667
0 0.07125 0.6166666666666667 0.0525 0.07
0 0.9475 0.3333333333333333 0.0525 0.07
0 0.0575 0.42 0.0525 0.06666666666666667
0 0.4575 0.6716666666666666 0.05 0.06666666666666667
