0 0.1640625 0.8458149779735683 0.05859375 0.0881057268722467
0 0.927734375 0.4889867841409692 0.05859375 0.0881057268722467
0 0.89208984375 0.1343612334801762 0.0556640625 0.08370044052863436
0 0.42626953125 0.5726872246696035 0.0556640625 0.08223201174743025
0 0.69384765625 0.22540381791483113 0.0537109375 0.08076358296622614
0 0.53662109375 0.7635829662261381 0.0537109375 0.07929515418502203
0 0.9580078125 0.6607929515418502 0.052734375 0.07929515418502203
0 0.11962890625 0.6732745961820852 0.0517578125 0.07782672540381791
0 0.2568359375 0.12334801762114538 0.05078125 0.0763582966226138
0 0.5546875 0.7518355359765051 0.05078125 0.0763582966226138
0 0.68994140625 0.07415565345080763 0.0498046875 0.07488986784140969
0 0.77294921875 0.7731277533039648 0.0498046875 0.07488986784140969
