0 0.20875 0.6771752837326608 0.05875 0.11853720050441362
0 0.6503125 0.06998738965952081 0.058125 0.11727616645649433
0 0.7153125 0.4098360655737705 0.058125 0.11601513240857503
0 0.713125 0.694829760403531 0.0575 0.11601513240857503
0 0.350625 0.5094577553593947 0.0575 0.11601513240857503
0 0.400625 0.3064312736443884 0.055 0.11097099621689786
0 0.2103125 0.6778058007566204 0.053125 0.10718789407313997
0 0.7746875 0.26670870113493067 0.051875 0.10466582597730138
0 0.2109375 0.3209331651954603 0.051875 0.10466582597730138
0 0.60875 0.532156368221942 0.05125 0.1034047919293821
