0 0.25927734375 0.7796486090775988 0.0576171875 0.08638360175695461
0 0.79296875 0.25036603221083453 0.0546875 0.08199121522693997
0 0.8515625 0.7569546120058566 0.0546875 0.08199121522693997
0 0.66943359375 0.14568081991215226 0.0537109375 0.08052708638360176
0 0.28759765625 0.095900439238653 0.0537109375 0.08052708638360176
0 0.205078125 0.8067349926793558 0.052734375 0.07906295754026355
0 0.51611328125 0.17789165446559296 0.0517578125 0.07759882869692533
0 0.58251953125 0.9524158125915081 0.0517578125 0.07759882869692533
0 0.8564453125 0.27379209370424595 0.05078125 0.07613469985358712
0 0.15771484375 0.7855051244509517 0.0498046875 0.0746705710102489
