0 0.82080078125 0.53759765625 0.0595703125 0.0595703125
0 0.70458984375 0.38720703125 0.0595703125 0.0595703125
0 0.66796875 0.3251953125 0.05859375 0.05859375
0 0.8076171875 0.5771484375 0.05859375 0.05859375
0 0.7783203125 0.3232421875 0.05859375 0.05859375
0 0.44384765625 0.29736328125 0.0576171875 0.0576171875
0 0.66015625 0.3818359375 0.056640625 0.056640625
0 0.1318359375 0.0322265625 0.0546875 0.0546875
0 0.466796875 0.078125 0.052734375 0.052734375
0 0.78271484375 0.56494140625 0.0517578125 0.0517578125
0 0.37451171875 0.15185546875 0.0517578125 0.0517578125
0 0.126953125 0.84765625 0.05078125 0.05078125
