0 0.7546875 0.5292740046838408 0.059375 0.08899297423887588
0 0.88984375 0.7014051522248244 0.0578125 0.08665105386416862
0 0.6265625 0.7903981264637002 0.05625 0.08196721311475409
0 0.22421875 0.870023419203747 0.0546875 0.08196721311475409
0 0.63828125 0.24355971896955503 0.0546875 0.07962529274004684
0 0.0890625 0.30210772833723654 0.053125 0.07962529274004684
0 0.365625 0.3044496487119438 0.053125 0.07962529274004684
0 0.93125 0.1451990632318501 0.053125 0.07962529274004684
0 0.50078125 0.14402810304449648 0.0515625 0.07728337236533958
0 0.765625 0.8056206088992974 0.05 0.07494145199063232
