0 0.8840625 0.2030812324929972 0.059375 0.08870214752567694
0 0.85125 0.5238095238095238 0.05875 0.08776844070961717
0 0.0815625 0.9014939309056956 0.056875 0.08496732026143791
0 0.6453125 0.44164332399626516 0.055625 0.08216619981325864
0 0.475 0.0915032679738562 0.05375 0.08029878618113913
0 0.8025 0.14472455648926238 0.0525 0.0784313725490196
0 0.54125 0.15126050420168066 0.0525 0.0784313725490196
0 0.3853125 0.8482726423902894 0.051875 0.07749766573295985
0 0.6565625 0.7072829131652661 0.050625 0.07563025210084033
0 0.39625 0.1568627450980392 0.05 0.07469654528478058
