0 0.220703125 0.5068359375 0.05859375 0.05859375
0 0.73193359375 0.60400390625 0.0576171875 0.0576171875
0 0.52490234375 0.19287109375 0.0576171875 0.0576171875
0 0.525390625 0.8349609375 0.056640625 0.056640625
0 0.11328125 0.2236328125 0.0546875 0.0546875
0 0.31982421875 0.61572265625 0.0537109375 0.0537109375
0 0.15185546875 0.63818359375 0.0517578125 0.0517578125
0 0.61181640625 0.75244140625 0.0517578125 0.0517578125
0 0.19091796875 0.61767578125 0.0517578125 0.0517578125
0 0.18603515625 0.19384765625 0.0498046875 0.0498046875
0 0.59814453125 0.46240234375 0.0498046875 0.0498046875
