0 0.06005859375 0.55908203125 0.0556640625 0.0556640625
0 0.38330078125 0.29345703125 0.0537109375 0.0537109375
0 0.34716796875 0.79345703125 0.0537109375 0.0537109375
0 0.6552734375 0.4638671875 0.052734375 0.052734375
0 0.5888671875 0.078125 0.052734375 0.052734375
0 0.236328125 0.86328125 0.052734375 0.052734375
0 0.37060546875 0.59228515625 0.0517578125 0.0517578125
0 0.2578125 0.2333984375 0.05078125 0.05078125
0 0.24609375 0.3564453125 0.05078125 0.05078125
0 0.064453125 0.8095703125 0.05078125 0.05078125
0 0.13037109375 0.32177734375 0.0498046875 0.0498046875
