0 0.03759765625 0.67822265625 0.0595703125 0.0595703125
0 0.3115234375 0.498046875 0.05859375 0.05859375
0 0.2880859375 0.6767578125 0.0546875 0.0546875
0 0.4482421875 0.90234375 0.0546875 0.0546875
0 0.5107421875 0.34765625 0.0546875 0.0546875
0 0.2197265625 0.294921875 0.0546875 0.0546875
0 0.146484375 0.806640625 0.052734375 0.052734375
0 0.177734375 0.943359375 0.052734375 0.052734375
0 0.701171875 0.501953125 0.052734375 0.052734375
0 0.37255859375 0.68896484375 0.0517578125 0.0517578125
0 0.25341796875 0.68896484375 0.0498046875 0.0498046875
