0 0.551594746716698 0.7106446776611695 0.058786741713570984 0.1409295352323838
0 0.6519699812382739 0.7638680659670165 0.058161350844277676 0.13943028485757122
0 0.05378361475922452 0.47976011994003 0.05753595997498437 0.13793103448275862
0 0.08630393996247655 0.9077961019490255 0.05753595997498437 0.136431784107946
0 0.15916197623514697 0.7406296851574213 0.056910569105691054 0.13493253373313344
0 0.6372732958098811 0.5502248875562219 0.05628517823639775 0.13493253373313344
0 0.18292682926829268 0.27511244377811095 0.05565978736710444 0.13343328335832083
0 0.16885553470919323 0.5832083958020989 0.05378361475922452 0.12893553223388307
0 0.9255784865540964 0.2608695652173913 0.0525328330206379 0.12593703148425786
0 0.5146966854283928 0.7556221889055472 0.0525328330206379 0.12593703148425786
