0 0.24462890625 0.4009067357512953 0.0595703125 0.07901554404145078
0 0.53564453125 0.7784974093264249 0.0576171875 0.07512953367875648
0 0.3779296875 0.266839378238342 0.056640625 0.07512953367875648
0 0.24169921875 0.2338082901554404 0.0556640625 0.07383419689119171
0 0.81396484375 0.11593264248704663 0.0537109375 0.07124352331606218
0 0.46533203125 0.5705958549222798 0.0537109375 0.07124352331606218
0 0.13134765625 0.14572538860103626 0.0537109375 0.07124352331606218
0 0.0771484375 0.04792746113989637 0.05078125 0.06735751295336788
0 0.111328125 0.39766839378238344 0.05078125 0.06735751295336788
0 0.7412109375 0.8983160621761658 0.05078125 0.06606217616580311
