0 0.8271484375 0.6901615271659325 0.05859375 0.0881057268722467
0 0.24609375 0.9559471365638766 0.05859375 0.0881057268722467
0 0.09375 0.36270190895741555 0.05859375 0.0881057268722467
0 0.59814453125 0.6791483113069016 0.0576171875 0.08663729809104258
0 0.41796875 0.8179148311306902 0.056640625 0.08516886930983847
0 0.7548828125 0.3406754772393539 0.056640625 0.08516886930983847
0 0.25146484375 0.5205580029368576 0.0556640625 0.08370044052863436
0 0.1162109375 0.6226138032305433 0.0546875 0.08223201174743025
0 0.861328125 0.4434654919236417 0.052734375 0.07929515418502203
0 0.3056640625 0.7121879588839941 0.052734375 0.07929515418502203
0 0.47705078125 0.7481644640234949 0.0517578125 0.07782672540381791
