0 0.05169172932330827 0.040675844806007506 0.05827067669172932 0.03879849812265332
0 0.4266917293233083 0.40175219023779724 0.05639097744360902 0.03754693366708386
0 0.75 0.03254067584480601 0.05639097744360902 0.03754693366708386
0 0.49718045112781956 0.6802252816020025 0.05451127819548872 0.03629536921151439
0 0.8449248120300752 0.3723404255319149 0.05451127819548872 0.03629536921151439
0 0.9125939849624061 0.3160200250312891 0.05451127819548872 0.03629536921151439
0 0.8787593984962406 0.16082603254067585 0.05451127819548872 0.03629536921151439
0 0.29887218045112784 0.42052565707133915 0.05263157894736842 0.03504380475594493
0 0.5140977443609023 0.28222778473091364 0.05075187969924812 0.03379224030037547
0 0.5103383458646616 0.8429286608260326 0.05075187969924812 0.03379224030037547
0 0.4351503759398496 0.25594493116395495 0.05075187969924812 0.03379224030037547
