0 0.6852394916911045 0.24743777452415813 0.05865102639296188 0.08784773060029283
0 0.6813294232649071 0.7437774524158126 0.05865102639296188 0.08784773060029283
0 0.5317693059628543 0.29282576866764276 0.05865102639296188 0.08784773060029283
0 0.966275659824047 0.7254758418740849 0.05571847507331378 0.08345534407027819
0 0.24095796676441839 0.5951683748169839 0.053763440860215055 0.08052708638360176
0 0.2927663734115347 0.431185944363104 0.053763440860215055 0.08052708638360176
0 0.678396871945259 0.438506588579795 0.05278592375366569 0.07759882869692533
0 0.250733137829912 0.6354319180087847 0.05180840664711633 0.07613469985358712
0 0.6451612903225806 0.7218155197657394 0.05083088954056696 0.07613469985358712
0 0.0801564027370479 0.2547584187408492 0.05083088954056696 0.07613469985358712
0 0.5518084066471163 0.42093704245973645 0.04985337243401759 0.0746705710102489
