0 0.8071875 0.8320825515947468 0.058125 0.08630393996247655
0 0.2496875 0.30065666041275796 0.056875 0.08536585365853659
0 0.3475 0.3076923076923077 0.055 0.0825515947467167
0 0.16875 0.7542213883677298 0.0525 0.07879924953095685
0 0.688125 0.46763602251407127 0.0525 0.07786116322701689
0 0.1734375 0.8372420262664165 0.051875 0.07786116322701689
0 0.5471875 0.17870544090056284 0.051875 0.07786116322701689
0 0.070625 0.950281425891182 0.05125 0.07692307692307693
0 0.82 0.5544090056285178 0.05125 0.07692307692307693
0 0.31125 0.038461538461538464 0.05125 0.075046904315197
