0 0.0328125 0.11938202247191011 0.059375 0.08895131086142322
0 0.740625 0.15823970037453183 0.05625 0.08426966292134831
0 0.038125 0.16526217228464418 0.05625 0.08333333333333333
0 0.6103125 0.3881086142322097 0.055625 0.08333333333333333
0 0.2559375 0.05758426966292135 0.054375 0.08146067415730338
0 0.5053125 0.5594569288389513 0.053125 0.07958801498127341
0 0.673125 0.6676029962546817 0.0525 0.07865168539325842
0 0.7565625 0.2645131086142322 0.051875 0.07771535580524344
0 0.485625 0.8071161048689138 0.05125 0.07677902621722846
0 0.1059375 0.272940074906367 0.050625 0.07584269662921349
0 0.9121875 0.8852996254681648 0.050625 0.07584269662921349
