0 0.86865234375 0.31298828125 0.0595703125 0.0595703125
0 0.65771484375 0.85595703125 0.0576171875 0.0576171875
0 0.50341796875 0.73876953125 0.0576171875 0.0576171875
0 0.63720703125 0.73828125 0.0576171875 0.056640625
0 0.14599609375 0.03466796875 0.0556640625 0.0556640625
0 0.17724609375 0.08056640625 0.0556640625 0.0556640625
0 0.15234375 0.6376953125 0.0546875 0.0546875
0 0.4013671875 0.1240234375 0.0546875 0.0546875
0 0.86572265625 0.35009765625 0.0537109375 0.0537109375
0 0.701171875 0.4326171875 0.052734375 0.052734375
0 0.63916015625 0.06884765625 0.0517578125 0.0517578125
0 0.38623046875 0.48779296875 0.0498046875 0.0498046875
