0 0.3235581622678397 0.3039647577092511 0.05865102639296188 0.0881057268722467
0 0.5180840664711632 0.7562408223201175 0.05865102639296188 0.0881057268722467
0 0.5219941348973607 0.19676945668135096 0.056695992179863146 0.08516886930983847
0 0.8831867057673509 0.6424375917767988 0.05571847507331378 0.08370044052863436
0 0.2873900293255132 0.39941262848751835 0.05474095796676442 0.08223201174743025
0 0.7595307917888563 0.4331864904552129 0.05474095796676442 0.08223201174743025
0 0.08211143695014662 0.5051395007342144 0.05474095796676442 0.08223201174743025
0 0.5156402737047898 0.39720998531571217 0.053763440860215055 0.08076358296622614
0 0.9173998044965787 0.18722466960352424 0.053763440860215055 0.08076358296622614
0 0.3919843597262952 0.3854625550660793 0.05278592375366569 0.07782672540381791
0 0.29960899315738027 0.49412628487518356 0.05180840664711633 0.07782672540381791
0 0.5997067448680352 0.9522760646108663 0.04985337243401759 0.07488986784140969
