0 0.6416015625 0.11392405063291139 0.05859375 0.08438818565400844
0 0.4111328125 0.3881856540084388 0.05859375 0.08438818565400844
0 0.775390625 0.3459915611814346 0.05859375 0.08438818565400844
0 0.89013671875 0.5956399437412095 0.0576171875 0.0829817158931083
0 0.716796875 0.8340365682137834 0.056640625 0.08157524613220815
0 0.1298828125 0.6610407876230661 0.0546875 0.07876230661040788
0 0.31640625 0.4247538677918425 0.0546875 0.07876230661040788
0 0.8623046875 0.8945147679324894 0.0546875 0.07876230661040788
0 0.68115234375 0.13431786216596342 0.0537109375 0.07735583684950774
0 0.5078125 0.5203938115330521 0.052734375 0.0759493670886076
0 0.49169921875 0.6870604781997187 0.0517578125 0.07454289732770746
0 0.25537109375 0.38045007032348804 0.0498046875 0.07172995780590717
