0 0.3753125 0.8905555555555555 0.059375 0.10555555555555556
0 0.369375 0.5733333333333334 0.05875 0.10444444444444445
0 0.555625 0.45111111111111113 0.05625 0.1
0 0.4490625 0.285 0.055625 0.09888888888888889
0 0.8421875 0.165 0.055625 0.09888888888888889
0 0.7359375 0.4072222222222222 0.055625 0.09888888888888889
0 0.30875 0.8205555555555556 0.055 0.09888888888888889
0 0.745 0.5577777777777778 0.05375 0.09555555555555556
0 0.96375 0.22111111111111112 0.0525 0.09333333333333334
0 0.9571875 0.6005555555555555 0.051875 0.09222222222222222
0 0.5103125 0.6005555555555555 0.050625 0.09
0 0.3590625 0.08944444444444444 0.050625 0.09
