0 0.7871875 0.8783333333333333 0.059375 0.10555555555555556
0 0.2434375 0.755 0.059375 0.10555555555555556
0 0.145625 0.20666666666666667 0.05875 0.10444444444444445
0 0.7515625 0.2238888888888889 0.058125 0.10333333333333333
0 0.8596875 0.34833333333333333 0.058125 0.10333333333333333
0 0.60875 0.2877777777777778 0.05625 0.1
0 0.108125 0.7588888888888888 0.055 0.09777777777777778
0 0.6715625 0.6972222222222222 0.054375 0.09666666666666666
0 0.86 0.5211111111111111 0.05375 0.09555555555555556
0 0.5975 0.5066666666666667 0.05375 0.09555555555555556
