0 0.04150390625 0.09440104166666667 0.0576171875 0.07682291666666667
0 0.70458984375 0.16861979166666666 0.0576171875 0.07682291666666667
0 0.90283203125 0.19466145833333334 0.0556640625 0.07421875
0 0.0595703125 0.65625 0.0546875 0.07291666666666667
0 0.63623046875 0.6555989583333334 0.0537109375 0.07161458333333333
0 0.11962890625 0.9055989583333334 0.0537109375 0.07161458333333333
0 0.0849609375 0.4127604166666667 0.052734375 0.0703125
0 0.8525390625 0.6953125 0.052734375 0.0703125
0 0.390625 0.11458333333333333 0.052734375 0.0703125
0 0.16552734375 0.7389322916666666 0.0498046875 0.06640625
