0 0.04409005628517824 0.4899874843554443 0.058161350844277676 0.03879849812265332
0 0.12851782363977485 0.6514392991239049 0.058161350844277676 0.03879849812265332
0 0.08724202626641651 0.8204005006257822 0.058161350844277676 0.03879849812265332
0 0.773921200750469 0.4612015018773467 0.058161350844277676 0.03879849812265332
0 0.09380863039399624 0.6082603254067585 0.05628517823639775 0.03754693366708386
0 0.5553470919324578 0.1964956195244055 0.05628517823639775 0.03754693366708386
0 0.03283302063789869 0.7215269086357947 0.054409005628517824 0.03629536921151439
0 0.03283302063789869 0.7190237797246558 0.05065666041275797 0.03379224030037547
0 0.09287054409005628 0.40863579474342926 0.05065666041275797 0.03379224030037547
0 0.5168855534709194 0.21714643304130163 0.05065666041275797 0.03379224030037547
0 0.948405253283302 0.188360450563204 0.05065666041275797 0.03379224030037547
