0 0.5107421875 0.5518867924528302 0.05859375 0.14150943396226415
0 0.05517578125 0.6238207547169812 0.0576171875 0.1391509433962264
0 0.71923828125 0.8974056603773585 0.0576171875 0.1391509433962264
0 0.107421875 0.8608490566037735 0.056640625 0.13679245283018868
0 0.70263671875 0.5742924528301887 0.0537109375 0.12971698113207547
0 0.2021484375 0.6933962264150944 0.052734375 0.12735849056603774
0 0.41796875 0.9339622641509434 0.052734375 0.12735849056603774
0 0.1728515625 0.8702830188679245 0.052734375 0.12735849056603774
0 0.47265625 0.31839622641509435 0.05078125 0.12264150943396226
0 0.2490234375 0.8702830188679245 0.05078125 0.12264150943396226
