0 0.843108504398827 0.21106557377049182 0.059628543499511244 0.08333333333333333
0 0.7047898338220919 0.3770491803278688 0.05865102639296188 0.08196721311475409
0 0.2913000977517107 0.8203551912568307 0.05865102639296188 0.08060109289617487
0 0.7179863147605083 0.5505464480874317 0.05767350928641251 0.07923497267759563
0 0.5610948191593352 0.04234972677595628 0.056695992179863146 0.07923497267759563
0 0.6642228739002932 0.4774590163934426 0.05571847507331378 0.0778688524590164
0 0.4281524926686217 0.5887978142076503 0.05474095796676442 0.07650273224043716
0 0.6803519061583577 0.7062841530054644 0.05474095796676442 0.07650273224043716
0 0.6617790811339198 0.39344262295081966 0.05278592375366569 0.07377049180327869
0 0.5171065493646139 0.46584699453551914 0.05278592375366569 0.07377049180327869
0 0.7434017595307918 0.5990437158469946 0.05180840664711633 0.07240437158469945
0 0.26588465298142716 0.2937158469945355 0.05083088954056696 0.07103825136612021
