0 0.096875 0.4817244611059044 0.05875 0.08809746954076851
0 0.30875 0.41424554826616683 0.05875 0.08809746954076851
0 0.5884375 0.810215557638238 0.058125 0.08716026241799438
0 0.851875 0.7357075913776945 0.0575 0.08622305529522024
0 0.4540625 0.373477038425492 0.056875 0.08528584817244611
0 0.5246875 0.7277413308341143 0.055625 0.08341143392689784
0 0.6059375 0.07919400187441425 0.054375 0.08153701968134958
0 0.36 0.7656982193064668 0.05375 0.08059981255857544
0 0.8165625 0.2994376757263355 0.051875 0.07778819119025304
0 0.044375 0.1415182755388941 0.05125 0.07685098406747891
0 0.53125 0.33270852858481725 0.05 0.07497656982193064
0 0.619375 0.4076850984067479 0.05 0.07497656982193064
