0 0.1889763779527559 0.834 0.05774278215223097 0.044
0 0.5485564304461942 0.066 0.05774278215223097 0.044
0 0.30971128608923887 0.43 0.05774278215223097 0.044
0 0.24278215223097113 0.911 0.05511811023622047 0.042
0 0.526246719160105 0.617 0.05511811023622047 0.042
0 0.42913385826771655 0.067 0.05511811023622047 0.042
0 0.7257217847769029 0.928 0.05511811023622047 0.04
0 0.16010498687664043 0.954 0.05249343832020997 0.04
0 0.6246719160104987 0.137 0.05249343832020997 0.038
0 0.42782152230971127 0.343 0.05249343832020997 0.038
0 0.22440944881889763 0.493 0.049868766404199474 0.038
0 0.15091863517060367 0.421 0.049868766404199474 0.038
