0 0.03857421875 0.685546875 0.0595703125 0.07942708333333333
0 0.21435546875 0.7532552083333334 0.0576171875 0.07682291666666667
0 0.91552734375 0.5865885416666666 0.0576171875 0.07682291666666667
0 0.04931640625 0.630859375 0.0576171875 0.07682291666666667
0 0.21923828125 0.3671875 0.0576171875 0.07552083333333333
0 0.22705078125 0.6412760416666666 0.0556640625 0.07421875
0 0.85693359375 0.7194010416666666 0.0556640625 0.07421875
0 0.36669921875 0.861328125 0.0537109375 0.07161458333333333
0 0.46826171875 0.2766927083333333 0.0537109375 0.07161458333333333
0 0.17578125 0.5846354166666666 0.052734375 0.0703125
0 0.58056640625 0.14388020833333334 0.0517578125 0.06901041666666667
