0 0.068125 0.50093808630394 0.05875 0.08818011257035648
0 0.6221875 0.9441838649155723 0.058125 0.08724202626641651
0 0.5775 0.2579737335834897 0.0575 0.08630393996247655
0 0.85 0.44934333958724204 0.05625 0.08442776735459662
0 0.1446875 0.4272983114446529 0.055625 0.08348968105065666
0 0.1640625 0.725609756097561 0.055625 0.08348968105065666
0 0.51375 0.8433395872420263 0.05125 0.07692307692307693
0 0.105625 0.6913696060037523 0.05125 0.07692307692307693
0 0.7365625 0.6974671669793621 0.050625 0.07598499061913697
0 0.294375 0.21200750469043153 0.05 0.075046904315197
