0 0.6734375 0.53125 0.05625 0.075
0 0.26875 0.275 0.05625 0.075
0 0.40859375 0.359375 0.0546875 0.07291666666666667
0 0.8640625 0.15625 0.053125 0.07083333333333333
0 0.82578125 0.9229166666666667 0.0515625 0.06666666666666667
0 0.365625 0.14791666666666667 0.05 0.06666666666666667
0 0.9171875 0.26458333333333334 0.05 0.06666666666666667
0 0.175 0.7145833333333333 0.05 0.06666666666666667
0 0.8703125 0.7583333333333333 0.05 0.06666666666666667
0 0.5875 0.8833333333333333 0.05 0.06666666666666667
0 0.515625 0.453125 0.05 0.06458333333333334
