0 0.4649781113195747 0.18734643734643736 0.05941213258286429 0.1167076167076167
0 0.33864915572232646 0.4834152334152334 0.056910569105691054 0.11179361179361179
0 0.9615384615384616 0.6394348894348895 0.056910569105691054 0.11179361179361179
0 0.925891181988743 0.7377149877149877 0.056910569105691054 0.11179361179361179
0 0.8298936835522202 0.4250614250614251 0.05628517823639775 0.11056511056511056
0 0.6185115697310819 0.20515970515970516 0.05628517823639775 0.11056511056511056
0 0.4987492182614134 0.788083538083538 0.054409005628517824 0.10687960687960688
0 0.3389618511569731 0.4520884520884521 0.0525328330206379 0.10319410319410319
0 0.6081926203877424 0.17014742014742015 0.05190744215134459 0.10196560196560196
0 0.6116322701688556 0.7493857493857494 0.05128205128205128 0.10073710073710074
0 0.3771106941838649 0.7714987714987716 0.050031269543464665 0.09828009828009827
