0 0.2822265625 0.5872395833333334 0.05859375 0.078125
0 0.76220703125 0.5436197916666666 0.0576171875 0.07682291666666667
0 0.453125 0.4739583333333333 0.056640625 0.07552083333333333
0 0.29345703125 0.837890625 0.0556640625 0.07421875
0 0.919921875 0.3411458333333333 0.0546875 0.07291666666666667
0 0.5361328125 0.8411458333333334 0.0546875 0.07291666666666667
0 0.33837890625 0.6985677083333334 0.0537109375 0.07161458333333333
0 0.09423828125 0.345703125 0.0537109375 0.07161458333333333
0 0.9384765625 0.049479166666666664 0.052734375 0.0703125
0 0.240234375 0.6640625 0.052734375 0.0703125
0 0.48876953125 0.4524739583333333 0.0498046875 0.06640625
