0 0.40185546875 0.6771595900439239 0.0576171875 0.08638360175695461
0 0.9228515625 0.6793557833089312 0.056640625 0.0849194729136164
0 0.111328125 0.9546120058565154 0.056640625 0.0849194729136164
0 0.54736328125 0.16764275256222547 0.0556640625 0.08345534407027819
0 0.55810546875 0.9158125915080527 0.0556640625 0.08345534407027819
0 0.3466796875 0.2225475841874085 0.0546875 0.08199121522693997
0 0.1748046875 0.9150805270863837 0.052734375 0.07906295754026355
0 0.138671875 0.595900439238653 0.052734375 0.07906295754026355
0 0.373046875 0.2225475841874085 0.052734375 0.07906295754026355
0 0.583984375 0.7584187408491947 0.052734375 0.07906295754026355
0 0.90869140625 0.5497803806734992 0.0517578125 0.07759882869692533
0 0.9541015625 0.6632503660322109 0.05078125 0.07613469985358712
