0 0.2759375 0.1461864406779661 0.056875 0.1285310734463277
0 0.8746875 0.11087570621468927 0.056875 0.1285310734463277
0 0.759375 0.2895480225988701 0.05625 0.1271186440677966
0 0.04875 0.21610169491525424 0.05625 0.1271186440677966
0 0.8853125 0.2761299435028249 0.055625 0.12570621468926554
0 0.28875 0.2853107344632768 0.055 0.12429378531073447
0 0.265 0.1271186440677966 0.05375 0.12146892655367232
0 0.3671875 0.5953389830508474 0.053125 0.12005649717514125
0 0.3175 0.7175141242937854 0.0525 0.11864406779661017
0 0.966875 0.4463276836158192 0.0525 0.11864406779661017
0 0.0671875 0.6518361581920904 0.051875 0.1172316384180791
