0 0.88671875 0.28515625 0.05859375 0.078125
0 0.044921875 0.6380208333333334 0.056640625 0.07552083333333333
0 0.63671875 0.39453125 0.056640625 0.07552083333333333
0 0.8564453125 0.2682291666666667 0.056640625 0.07552083333333333
0 0.36279296875 0.6634114583333334 0.0556640625 0.07421875
0 0.0478515625 0.1953125 0.0546875 0.07291666666666667
0 0.478515625 0.2805989583333333 0.0546875 0.07161458333333333
0 0.7294921875 0.92578125 0.052734375 0.0703125
0 0.65869140625 0.392578125 0.0517578125 0.06901041666666667
0 0.23388671875 0.4641927083333333 0.0517578125 0.06901041666666667
0 0.23486328125 0.888671875 0.0517578125 0.06901041666666667
