0 0.321875 0.8086538461538462 0.05875 0.09038461538461538
0 0.28875 0.7538461538461538 0.0575 0.08846153846153847
0 0.680625 0.052884615384615384 0.05625 0.08653846153846154
0 0.31625 0.9538461538461539 0.055 0.08461538461538462
0 0.129375 0.4913461538461538 0.05375 0.08269230769230769
0 0.4025 0.4423076923076923 0.0525 0.08076923076923077
0 0.635625 0.3875 0.05125 0.07884615384615384
0 0.085625 0.5173076923076924 0.05125 0.07692307692307693
0 0.9025 0.8826923076923077 0.05 0.07692307692307693
0 0.1875 0.5365384615384615 0.05 0.07692307692307693
