0 0.8876953125 0.10677083333333333 0.05859375 0.078125
0 0.919921875 0.26953125 0.05859375 0.078125
0 0.41748046875 0.7063802083333334 0.0576171875 0.07682291666666667
0 0.6640625 0.16927083333333334 0.056640625 0.07552083333333333
0 0.2490234375 0.2552083333333333 0.056640625 0.07552083333333333
0 0.2353515625 0.15494791666666666 0.056640625 0.07552083333333333
0 0.58544921875 0.5709635416666666 0.0556640625 0.07421875
0 0.4765625 0.18359375 0.0546875 0.07291666666666667
0 0.046875 0.93359375 0.052734375 0.0703125
0 0.2080078125 0.5520833333333334 0.052734375 0.0703125
0 0.23828125 0.6744791666666666 0.05078125 0.06770833333333333
0 0.8583984375 0.22786458333333334 0.05078125 0.06770833333333333
