0 0.7829581993569131 0.43214285714285716 0.05894962486602358 0.07857142857142857
0 0.7808145766345124 0.555 0.05680600214362272 0.07571428571428572
0 0.9367631296891747 0.09 0.055734190782422297 0.07428571428571429
0 0.2722400857449089 0.14857142857142858 0.055734190782422297 0.07428571428571429
0 0.17845659163987138 0.685 0.05466237942122187 0.07285714285714286
0 0.8563772775991425 0.29428571428571426 0.05359056806002144 0.07142857142857142
0 0.2497320471596999 0.8764285714285714 0.05359056806002144 0.07
0 0.29635584137191856 0.175 0.05251875669882101 0.07
0 0.5541264737406216 0.2857142857142857 0.05144694533762058 0.06857142857142857
0 0.2454448017148982 0.7385714285714285 0.05144694533762058 0.06857142857142857
