0 0.73203125 0.5140515222482436 0.0578125 0.08665105386416862
0 0.77578125 0.12295081967213115 0.0578125 0.08665105386416862
0 0.26015625 0.42505854800936765 0.0546875 0.08196721311475409
0 0.1 0.0936768149882904 0.053125 0.07962529274004684
0 0.6640625 0.351288056206089 0.053125 0.07962529274004684
0 0.7984375 0.13114754098360656 0.053125 0.07962529274004684
0 0.90390625 0.9426229508196722 0.0515625 0.07728337236533958
0 0.33828125 0.6428571428571429 0.0515625 0.07728337236533958
0 0.103125 0.28805620608899296 0.05 0.07494145199063232
0 0.165625 0.38875878220140514 0.05 0.07494145199063232
