0 0.86572265625 0.6946614583333334 0.0595703125 0.07942708333333333
0 0.21533203125 0.2975260416666667 0.0576171875 0.07682291666666667
0 0.4462890625 0.4908854166666667 0.056640625 0.07552083333333333
0 0.080078125 0.8125 0.0546875 0.07291666666666667
0 0.693359375 0.5013020833333334 0.0546875 0.07291666666666667
0 0.6171875 0.21354166666666666 0.0546875 0.07291666666666667
0 0.6064453125 0.19010416666666666 0.0546875 0.07291666666666667
0 0.76611328125 0.283203125 0.0537109375 0.07161458333333333
0 0.27099609375 0.068359375 0.0537109375 0.07161458333333333
0 0.64404296875 0.08658854166666667 0.0537109375 0.07161458333333333
0 0.234375 0.20182291666666666 0.052734375 0.0703125
0 0.77783203125 0.6477864583333334 0.0498046875 0.06640625
