0 0.54638671875 0.7239583333333334 0.0576171875 0.07552083333333333
0 0.525390625 0.6015625 0.056640625 0.07552083333333333
0 0.1533203125 0.5872395833333334 0.056640625 0.07552083333333333
0 0.5244140625 0.546875 0.0546875 0.07291666666666667
0 0.1015625 0.049479166666666664 0.0546875 0.07291666666666667
0 0.30810546875 0.3131510416666667 0.0537109375 0.07161458333333333
0 0.40234375 0.5572916666666666 0.052734375 0.0703125
0 0.1748046875 0.25390625 0.052734375 0.0703125
0 0.87060546875 0.5553385416666666 0.0517578125 0.06901041666666667
0 0.24853515625 0.11263020833333333 0.0517578125 0.06901041666666667
0 0.130859375 0.9088541666666666 0.05078125 0.06770833333333333
0 0.15380859375 0.15559895833333334 0.0498046875 0.06640625
