0 0.61640625 0.2069377990430622 0.0578125 0.08851674641148326
0 0.64453125 0.05861244019138756 0.0578125 0.08851674641148326
0 0.9203125 0.3444976076555024 0.05625 0.0861244019138756
0 0.1796875 0.7057416267942583 0.05625 0.0861244019138756
0 0.8609375 0.430622009569378 0.05625 0.0861244019138756
0 0.61015625 0.5705741626794258 0.0546875 0.08373205741626795
0 0.93515625 0.4796650717703349 0.0546875 0.08373205741626795
0 0.06953125 0.9174641148325359 0.0546875 0.08373205741626795
0 0.57265625 0.6830143540669856 0.0546875 0.08373205741626795
0 0.73515625 0.5514354066985646 0.0515625 0.07894736842105263
0 0.446875 0.6244019138755981 0.05 0.07655502392344497
