0 0.2182614133833646 0.5282485875706214 0.058786741713570984 0.08851224105461393
0 0.14634146341463414 0.295668549905838 0.05753595997498437 0.08662900188323917
0 0.9055659787367104 0.8531073446327684 0.05628517823639775 0.0847457627118644
0 0.7276422764227642 0.3808851224105461 0.05565978736710444 0.08380414312617702
0 0.10412757973733583 0.217984934086629 0.05565978736710444 0.08380414312617702
0 0.8549093183239524 0.6666666666666666 0.05503439649781113 0.08286252354048965
0 0.8577235772357723 0.051318267419962336 0.05315822388993121 0.0800376647834275
0 0.3133208255159475 0.7015065913370998 0.0525328330206379 0.07909604519774012
0 0.7379612257661038 0.13559322033898305 0.05128205128205128 0.07721280602636535
0 0.5684803001876173 0.09887005649717515 0.05128205128205128 0.07721280602636535
0 0.7945590994371482 0.9129001883239172 0.05065666041275797 0.07627118644067797
