0 0.94384765625 0.91064453125 0.0576171875 0.0576171875
0 0.33544921875 0.76708984375 0.0576171875 0.0576171875
0 0.66357421875 0.27001953125 0.0576171875 0.0576171875
0 0.2724609375 0.0927734375 0.056640625 0.056640625
0 0.572265625 0.7666015625 0.0546875 0.0546875
0 0.87255859375 0.93212890625 0.0537109375 0.0537109375
0 0.3330078125 0.849609375 0.052734375 0.052734375
0 0.8701171875 0.5 0.052734375 0.052734375
0 0.7255859375 0.5078125 0.052734375 0.052734375
0 0.708984375 0.8525390625 0.052734375 0.052734375
0 0.68408203125 0.58984375 0.0517578125 0.05078125
0 0.14404296875 0.61376953125 0.0498046875 0.0498046875
