0 0.9016393442622951 0.225 0.05620608899297424 0.0375
0 0.06791569086651054 0.2890625 0.05620608899297424 0.0375
0 0.6252927400468384 0.5203125 0.05620608899297424 0.0375
0 0.7330210772833724 0.35859375 0.05620608899297424 0.0359375
0 0.702576112412178 0.71875 0.05152224824355972 0.034375
0 0.09601873536299765 0.084375 0.05152224824355972 0.034375
0 0.2716627634660422 0.85 0.05152224824355972 0.034375
0 0.2423887587822014 0.75078125 0.04918032786885246 0.0328125
0 0.4882903981264637 0.70390625 0.04918032786885246 0.0328125
0 0.45550351288056207 0.18515625 0.04918032786885246 0.0328125
