0 0.084375 0.29775280898876405 0.05875 0.08801498127340825
0 0.59375 0.3801498127340824 0.0575 0.08614232209737828
0 0.87625 0.8820224719101124 0.0575 0.08614232209737828
0 0.7940625 0.5706928838951311 0.056875 0.0852059925093633
0 0.929375 0.7949438202247191 0.055 0.08239700374531835
0 0.90125 0.24157303370786518 0.05375 0.08052434456928839
0 0.860625 0.5402621722846442 0.05375 0.08052434456928839
0 0.970625 0.9559925093632958 0.05375 0.08052434456928839
0 0.914375 0.2209737827715356 0.0525 0.07865168539325842
0 0.80375 0.6601123595505618 0.05125 0.07677902621722846
0 0.036875 0.7134831460674157 0.05125 0.07677902621722846
0 0.1803125 0.22331460674157302 0.050625 0.07584269662921349
