0 0.2675 0.4331140350877193 0.05875 0.10307017543859649
0 0.71875 0.4440789473684211 0.05875 0.10307017543859649
0 0.7271875 0.19353070175438597 0.058125 0.10197368421052631
0 0.5296875 0.06743421052631579 0.058125 0.10197368421052631
0 0.9184375 0.6288377192982456 0.058125 0.10197368421052631
0 0.8815625 0.07510964912280702 0.055625 0.09758771929824561
0 0.9328125 0.4369517543859649 0.054375 0.09539473684210527
0 0.56875 0.41885964912280704 0.05375 0.09429824561403509
0 0.27 0.2324561403508772 0.0525 0.09210526315789473
0 0.335625 0.47149122807017546 0.05125 0.08991228070175439
