0 0.9691011235955056 0.958125 0.05805243445692884 0.03875
0 0.4241573033707865 0.580625 0.05805243445692884 0.03875
0 0.19382022471910113 0.745625 0.05805243445692884 0.03875
0 0.9260299625468165 0.629375 0.05805243445692884 0.03875
0 0.6938202247191011 0.600625 0.05805243445692884 0.03875
0 0.8108614232209738 0.90375 0.056179775280898875 0.0375
0 0.08801498127340825 0.46875 0.056179775280898875 0.0375
0 0.1956928838951311 0.159375 0.054307116104868915 0.03625
0 0.3202247191011236 0.66125 0.052434456928838954 0.035
0 0.20037453183520598 0.815 0.052434456928838954 0.035
0 0.149812734082397 0.23125 0.052434456928838954 0.035
0 0.1151685393258427 0.813125 0.05056179775280899 0.03375
