0 0.6759375 0.39034676663542645 0.059375 0.08903467666354264
0 0.878125 0.6551077788191191 0.0575 0.08622305529522024
0 0.4809375 0.13542642924086223 0.056875 0.08528584817244611
0 0.1621875 0.5164011246485474 0.056875 0.08434864104967198
0 0.1890625 0.18228678537956888 0.055625 0.08341143392689784
0 0.7603125 0.5693533270852859 0.055625 0.08341143392689784
0 0.40875 0.059044048734770385 0.055 0.08247422680412371
0 0.5525 0.2830365510777882 0.05375 0.08059981255857544
0 0.170625 0.09090909090909091 0.05375 0.08059981255857544
0 0.5071875 0.12699156513589505 0.051875 0.07778819119025304
0 0.9128125 0.5215557638238051 0.051875 0.07778819119025304
0 0.2228125 0.8092783505154639 0.050625 0.07591377694470477
