0 0.931640625 0.6119791666666666 0.05859375 0.078125
0 0.61669921875 0.5774739583333334 0.0576171875 0.07682291666666667
0 0.32763671875 0.14973958333333334 0.0576171875 0.07552083333333333
0 0.5126953125 0.10416666666666667 0.056640625 0.07552083333333333
0 0.5673828125 0.3111979166666667 0.056640625 0.07552083333333333
0 0.65234375 0.09375 0.0546875 0.07291666666666667
0 0.150390625 0.4401041666666667 0.0546875 0.07291666666666667
0 0.30810546875 0.228515625 0.0537109375 0.07161458333333333
0 0.14697265625 0.4889322916666667 0.0537109375 0.07161458333333333
0 0.85400390625 0.896484375 0.0517578125 0.06901041666666667
0 0.376953125 0.08203125 0.05078125 0.06770833333333333
0 0.4208984375 0.22981770833333334 0.05078125 0.06640625
