0 0.19158878504672897 0.071875 0.05794392523364486 0.03875
0 0.2177570093457944 0.964375 0.05794392523364486 0.03875
0 0.03271028037383177 0.956875 0.05420560747663551 0.03625
0 0.4719626168224299 0.303125 0.05420560747663551 0.03625
0 0.814018691588785 0.529375 0.05420560747663551 0.03625
0 0.9429906542056075 0.168125 0.05420560747663551 0.03625
0 0.7925233644859813 0.4825 0.052336448598130844 0.035
0 0.31121495327102805 0.674375 0.05046728971962617 0.03375
0 0.2719626168224299 0.770625 0.05046728971962617 0.03375
0 0.7822429906542057 0.395625 0.05046728971962617 0.03375
0 0.16822429906542055 0.065 0.048598130841121495 0.0325
