0 0.0810546875 0.2908777969018933 0.05859375 0.10327022375215146
0 0.720703125 0.5559380378657487 0.05859375 0.10327022375215146
0 0.2158203125 0.060240963855421686 0.0546875 0.0963855421686747
0 0.6474609375 0.5008605851979346 0.0546875 0.0963855421686747
0 0.21484375 0.42168674698795183 0.0546875 0.0963855421686747
0 0.52490234375 0.8442340791738382 0.0537109375 0.09466437177280551
0 0.02685546875 0.3244406196213425 0.0537109375 0.09466437177280551
0 0.28466796875 0.4879518072289157 0.0537109375 0.09466437177280551
0 0.3818359375 0.8743545611015491 0.052734375 0.09294320137693632
0 0.23388671875 0.8235800344234079 0.0517578125 0.09122203098106713
0 0.06494140625 0.41566265060240964 0.0517578125 0.09122203098106713
0 0.58544921875 0.36919104991394147 0.0517578125 0.09122203098106713
