0 0.15380859375 0.384765625 0.0595703125 0.07942708333333333
0 0.59765625 0.15104166666666666 0.05859375 0.078125
0 0.9169921875 0.6881510416666666 0.05859375 0.07682291666666667
0 0.7001953125 0.7916666666666666 0.056640625 0.07552083333333333
0 0.25341796875 0.134765625 0.0556640625 0.07421875
0 0.08447265625 0.12174479166666667 0.0556640625 0.07421875
0 0.5634765625 0.2799479166666667 0.0546875 0.07291666666666667
0 0.455078125 0.26953125 0.0546875 0.07291666666666667
0 0.36474609375 0.3951822916666667 0.0517578125 0.06901041666666667
0 0.73388671875 0.5833333333333334 0.0517578125 0.06770833333333333
0 0.79443359375 0.7311197916666666 0.0498046875 0.06640625
