0 0.7903981264637002 0.6125 0.0585480093676815 0.0375
0 0.775175644028103 0.89375 0.05620608899297424 0.0375
0 0.7786885245901639 0.52109375 0.053864168618266976 0.0359375
0 0.5304449648711944 0.60078125 0.053864168618266976 0.0359375
0 0.6967213114754098 0.43515625 0.053864168618266976 0.0359375
0 0.35714285714285715 0.890625 0.053864168618266976 0.034375
0 0.8782201405152225 0.190625 0.05152224824355972 0.034375
0 0.6323185011709602 0.3796875 0.05152224824355972 0.034375
0 0.34660421545667447 0.334375 0.05152224824355972 0.034375
0 0.3442622950819672 0.61328125 0.05152224824355972 0.0328125
0 0.35011709601873536 0.57734375 0.04918032786885246 0.0328125
