0 0.1209375 0.10741088180112571 0.059375 0.08911819887429644
0 0.7884375 0.9188555347091932 0.059375 0.08911819887429644
0 0.4371875 0.18151969981238275 0.058125 0.08724202626641651
0 0.866875 0.1022514071294559 0.0575 0.08630393996247655
0 0.9390625 0.28377110694183866 0.056875 0.08536585365853659
0 0.16875 0.4324577861163227 0.05375 0.08067542213883677
0 0.5609375 0.3968105065666041 0.053125 0.07879924953095685
0 0.465 0.625703564727955 0.0525 0.07879924953095685
0 0.79875 0.06848030018761726 0.0525 0.07879924953095685
0 0.5828125 0.2603189493433396 0.051875 0.07786116322701689
0 0.144375 0.6463414634146342 0.05125 0.07692307692307693
