0 0.5625 0.20497803806734993 0.05859375 0.08784773060029283
0 0.36865234375 0.7679355783308931 0.0576171875 0.08638360175695461
0 0.81884765625 0.3008784773060029 0.0576171875 0.08638360175695461
0 0.68896484375 0.9224011713030746 0.0576171875 0.0849194729136164
0 0.8095703125 0.9407027818448024 0.056640625 0.08345534407027819
0 0.50048828125 0.8689604685212299 0.0556640625 0.08345534407027819
0 0.14111328125 0.4970717423133236 0.0556640625 0.08345534407027819
0 0.86767578125 0.6756954612005857 0.0556640625 0.08345534407027819
0 0.951171875 0.5885797950219619 0.052734375 0.07906295754026355
0 0.240234375 0.8462664714494875 0.052734375 0.07906295754026355
0 0.88232421875 0.6478770131771596 0.0517578125 0.07759882869692533
0 0.466796875 0.9619326500732065 0.05078125 0.07613469985358712
