0 0.4096875 0.7460168697282099 0.059375 0.08809746954076851
0 0.6521875 0.7089971883786317 0.056875 0.08528584817244611
0 0.05375 0.5923149015932521 0.055 0.08247422680412371
0 0.2590625 0.11949390815370196 0.054375 0.08153701968134958
0 0.2865625 0.9353327085285849 0.054375 0.08059981255857544
0 0.3825 0.9372071227741331 0.0525 0.07872539831302718
0 0.0934375 0.6415182755388941 0.051875 0.07778819119025304
0 0.631875 0.4901593252108716 0.05125 0.07685098406747891
0 0.1459375 0.6040299906279287 0.050625 0.07591377694470477
0 0.7509375 0.6377694470477976 0.050625 0.07591377694470477
