0 0.1046875 0.7593808630393997 0.059375 0.08911819887429644
0 0.6115625 0.7734521575984991 0.058125 0.08724202626641651
0 0.3390625 0.7593808630393997 0.058125 0.08724202626641651
0 0.6703125 0.9554409005628518 0.056875 0.08536585365853659
0 0.43125 0.924015009380863 0.055 0.0825515947467167
0 0.3984375 0.5361163227016885 0.053125 0.07973733583489681
0 0.3746875 0.15056285178236398 0.053125 0.07973733583489681
0 0.8171875 0.5651969981238274 0.051875 0.07786116322701689
0 0.7096875 0.4104127579737336 0.050625 0.07598499061913697
0 0.14875 0.7964352720450282 0.05 0.075046904315197
