0 0.15 0.3458333333333333 0.05625 0.075
0 0.86875 0.07916666666666666 0.05625 0.075
0 0.046875 0.95 0.05625 0.075
0 0.784375 0.30833333333333335 0.05625 0.075
0 0.340625 0.40625 0.05625 0.07083333333333333
0 0.125 0.94375 0.05625 0.07083333333333333
0 0.5671875 0.70625 0.053125 0.07083333333333333
0 0.4578125 0.8854166666666666 0.053125 0.07083333333333333
0 0.6265625 0.08125 0.053125 0.07083333333333333
0 0.28125 0.4166666666666667 0.05 0.06666666666666667
0 0.603125 0.7125 0.05 0.06666666666666667
0 0.203125 0.2791666666666667 0.05 0.06666666666666667
