0 0.7859375 0.6729166666666667 0.059375 0.07916666666666666
0 0.778125 0.38125 0.05625 0.07083333333333333
0 0.5546875 0.3229166666666667 0.053125 0.07083333333333333
0 0.7671875 0.7729166666666667 0.053125 0.07083333333333333
0 0.1140625 0.5479166666666667 0.053125 0.07083333333333333
0 0.9203125 0.4354166666666667 0.053125 0.07083333333333333
0 0.7390625 0.03958333333333333 0.053125 0.07083333333333333
0 0.9265625 0.08958333333333333 0.053125 0.07083333333333333
0 0.4625 0.6625 0.05 0.06666666666666667
0 0.68125 0.058333333333333334 0.05 0.06666666666666667
0 0.30625 0.8333333333333334 0.05 0.06666666666666667
