0 0.1359375 0.21041666666666667 0.059375 0.07916666666666666
0 0.55625 0.45 0.05625 0.075
0 0.409375 0.14583333333333334 0.05625 0.075
0 0.803125 0.8354166666666667 0.05625 0.07083333333333333
0 0.5453125 0.23125 0.053125 0.07083333333333333
0 0.8078125 0.69375 0.053125 0.07083333333333333
0 0.4265625 0.8270833333333333 0.053125 0.07083333333333333
0 0.925 0.15416666666666667 0.05 0.06666666666666667
0 0.5125 0.7083333333333334 0.05 0.06666666666666667
0 0.403125 0.2875 0.05 0.06666666666666667
0 0.6375 0.9416666666666667 0.05 0.06666666666666667
0 0.146875 0.35833333333333334 0.05 0.06666666666666667
