0 0.92431640625 0.71435546875 0.0595703125 0.0595703125
0 0.08544921875 0.93212890625 0.0595703125 0.0595703125
0 0.96484375 0.2763671875 0.05859375 0.05859375
0 0.91552734375 0.34814453125 0.0576171875 0.0576171875
0 0.92626953125 0.85888671875 0.0556640625 0.0556640625
0 0.16357421875 0.31689453125 0.0537109375 0.0537109375
0 0.74169921875 0.77685546875 0.0537109375 0.0537109375
0 0.13330078125 0.88525390625 0.0537109375 0.0537109375
0 0.62109375 0.890625 0.052734375 0.052734375
0 0.53271484375 0.68408203125 0.0517578125 0.0517578125
0 0.04541015625 0.46044921875 0.0498046875 0.0498046875
