0 0.8328125 0.31690140845070425 0.059375 0.0892018779342723
0 0.15625 0.4507042253521127 0.05625 0.08450704225352113
0 0.090625 0.1643192488262911 0.05625 0.08450704225352113
0 0.6796875 0.4671361502347418 0.053125 0.07981220657276995
0 0.5796875 0.1056338028169014 0.053125 0.07981220657276995
0 0.715625 0.38497652582159625 0.05 0.07511737089201878
0 0.18125 0.8262910798122066 0.05 0.07511737089201878
0 0.19375 0.5633802816901409 0.05 0.07511737089201878
0 0.08125 0.8028169014084507 0.05 0.07511737089201878
0 0.578125 0.24647887323943662 0.05 0.07042253521126761
