0 0.5234375 0.15208333333333332 0.059375 0.07916666666666666
0 0.89375 0.6291666666666667 0.05625 0.075
0 0.31875 0.12083333333333333 0.05625 0.075
0 0.7375 0.2375 0.05625 0.075
0 0.878125 0.8375 0.05625 0.075
0 0.8 0.9520833333333333 0.05625 0.07083333333333333
0 0.2515625 0.3770833333333333 0.053125 0.07083333333333333
0 0.3765625 0.36875 0.053125 0.07083333333333333
0 0.68125 0.3 0.05 0.06666666666666667
0 0.48125 0.1625 0.05 0.06666666666666667
0 0.2125 0.4041666666666667 0.05 0.06666666666666667
0 0.24375 0.7291666666666666 0.05 0.06666666666666667
