0 0.03608247422680412 0.7390625 0.058419243986254296 0.053125
0 0.12886597938144329 0.2421875 0.058419243986254296 0.053125
0 0.23711340206185566 0.609375 0.054982817869415807 0.05
0 0.09965635738831616 0.725 0.054982817869415807 0.05
0 0.40893470790378006 0.221875 0.054982817869415807 0.05
0 0.422680412371134 0.53125 0.054982817869415807 0.05
0 0.4639175257731959 0.03125 0.054982817869415807 0.05
0 0.7749140893470791 0.2859375 0.05154639175257732 0.046875
0 0.40378006872852235 0.2046875 0.05154639175257732 0.046875
0 0.9089347079037801 0.7734375 0.05154639175257732 0.046875
