0 0.146875 0.13551401869158877 0.05625 0.08411214953271028
0 0.075 0.1822429906542056 0.05625 0.08411214953271028
0 0.04375 0.2383177570093458 0.05625 0.08411214953271028
0 0.859375 0.3598130841121495 0.05625 0.08411214953271028
0 0.565625 0.5490654205607477 0.05625 0.0794392523364486
0 0.3703125 0.7873831775700935 0.053125 0.0794392523364486
0 0.9609375 0.12850467289719625 0.053125 0.0794392523364486
0 0.6265625 0.0630841121495327 0.053125 0.0794392523364486
0 0.6734375 0.5817757009345794 0.053125 0.0794392523364486
0 0.925 0.1308411214953271 0.05 0.07476635514018691
0 0.76875 0.411214953271028 0.05 0.07476635514018691
