0 0.8546875 0.91875 0.059375 0.07916666666666666
0 0.81875 0.8416666666666667 0.05625 0.075
0 0.7265625 0.10625 0.053125 0.07083333333333333
0 0.5453125 0.8770833333333333 0.053125 0.07083333333333333
0 0.2703125 0.28958333333333336 0.053125 0.07083333333333333
0 0.5640625 0.47291666666666665 0.053125 0.07083333333333333
0 0.6359375 0.7229166666666667 0.053125 0.07083333333333333
0 0.8640625 0.8854166666666666 0.053125 0.07083333333333333
0 0.2453125 0.9541666666666667 0.053125 0.06666666666666667
0 0.71875 0.10416666666666667 0.05 0.06666666666666667
0 0.565625 0.7458333333333333 0.05 0.06666666666666667
