0 0.3765625 0.80625 0.059375 0.07916666666666666
0 0.4921875 0.41041666666666665 0.059375 0.07916666666666666
0 0.253125 0.85 0.05625 0.075
0 0.13125 0.6166666666666667 0.05625 0.075
0 0.575 0.6375 0.05625 0.075
0 0.790625 0.24166666666666667 0.05625 0.075
0 0.4296875 0.8895833333333333 0.053125 0.07083333333333333
0 0.7734375 0.47708333333333336 0.053125 0.07083333333333333
0 0.03125 0.29583333333333334 0.05 0.06666666666666667
0 0.321875 0.2708333333333333 0.05 0.06666666666666667
0 0.76875 0.625 0.05 0.06666666666666667
0 0.19375 0.7125 0.05 0.06666666666666667
