0 0.4484375 0.48541666666666666 0.059375 0.07916666666666666
0 0.1875 0.6541666666666667 0.05625 0.075
0 0.559375 0.4125 0.05625 0.075
0 0.390625 0.12083333333333333 0.05625 0.075
0 0.375 0.6125 0.05625 0.075
0 0.16875 0.325 0.05625 0.075
0 0.6328125 0.6479166666666667 0.053125 0.07083333333333333
0 0.5421875 0.14375 0.053125 0.07083333333333333
0 0.6703125 0.5854166666666667 0.053125 0.07083333333333333
0 0.534375 0.9375 0.05 0.06666666666666667
0 0.565625 0.4083333333333333 0.05 0.06666666666666667
