0 0.24583333333333332 0.48125 0.058333333333333334 0.04375
0 0.075 0.184375 0.058333333333333334 0.04375
0 0.7 0.075 0.058333333333333334 0.04375
0 0.07708333333333334 0.5390625 0.05416666666666667 0.040625
0 0.04375 0.2734375 0.05416666666666667 0.040625
0 0.23125 0.7265625 0.05416666666666667 0.040625
0 0.06458333333333334 0.5515625 0.05416666666666667 0.040625
0 0.27708333333333335 0.5421875 0.05416666666666667 0.040625
0 0.35208333333333336 0.2046875 0.05416666666666667 0.040625
0 0.63125 0.7671875 0.05416666666666667 0.040625
0 0.4 0.359375 0.05 0.0375
0 0.025 0.81875 0.05 0.0375
