0 0.23333333333333334 0.115625 0.058333333333333334 0.04375
0 0.7791666666666667 0.325 0.058333333333333334 0.04375
0 0.10833333333333334 0.63125 0.058333333333333334 0.04375
0 0.23958333333333334 0.8234375 0.05416666666666667 0.040625
0 0.79375 0.2984375 0.05416666666666667 0.040625
0 0.38125 0.4296875 0.05416666666666667 0.040625
0 0.6604166666666667 0.390625 0.05416666666666667 0.0375
0 0.39166666666666666 0.190625 0.05 0.0375
0 0.8083333333333333 0.834375 0.05 0.0375
0 0.825 0.440625 0.05 0.0375
0 0.5166666666666667 0.79375 0.05 0.0375
