0 0.159375 0.2875 0.05625 0.075
0 0.509375 0.4375 0.05625 0.075
0 0.425 0.8 0.05625 0.075
0 0.2296875 0.5604166666666667 0.053125 0.07083333333333333
0 0.7296875 0.16875 0.053125 0.07083333333333333
0 0.4734375 0.11041666666666666 0.053125 0.07083333333333333
0 0.6859375 0.5354166666666667 0.053125 0.07083333333333333
0 0.334375 0.4 0.05 0.06666666666666667
0 0.56875 0.17083333333333334 0.05 0.06666666666666667
0 0.071875 0.4666666666666667 0.05 0.06666666666666667
0 0.571875 0.2875 0.05 0.06666666666666667
0 0.628125 0.20416666666666666 0.05 0.06666666666666667
