0 0.931640625 0.7613469985358712 0.05859375 0.08784773060029283
0 0.35693359375 0.8557833089311859 0.0576171875 0.08638360175695461
0 0.39892578125 0.8513909224011713 0.0576171875 0.08638360175695461
0 0.03466796875 0.8433382137628112 0.0556640625 0.0849194729136164
0 0.4306640625 0.5622254758418741 0.0546875 0.08199121522693997
0 0.4287109375 0.6120058565153733 0.0546875 0.08199121522693997
0 0.662109375 0.48462664714494874 0.0546875 0.08199121522693997
0 0.3857421875 0.35724743777452417 0.0546875 0.08199121522693997
0 0.45703125 0.7386530014641288 0.0546875 0.08052708638360176
0 0.806640625 0.835285505124451 0.05078125 0.0746705710102489
0 0.96728515625 0.07979502196193265 0.0498046875 0.0746705710102489
0 0.38720703125 0.14275256222547583 0.0498046875 0.0746705710102489
