0 0.50625 0.05 0.05625 0.075
0 0.665625 0.425 0.05625 0.075
0 0.959375 0.9541666666666667 0.05625 0.075
0 0.784375 0.4 0.05625 0.075
0 0.24375 0.35 0.05625 0.075
0 0.803125 0.175 0.05625 0.075
0 0.2859375 0.15208333333333332 0.053125 0.07083333333333333
0 0.1984375 0.16458333333333333 0.053125 0.07083333333333333
0 0.9203125 0.8145833333333333 0.053125 0.07083333333333333
0 0.0421875 0.70625 0.053125 0.07083333333333333
0 0.146875 0.5625 0.05 0.06666666666666667
0 0.8125 0.6 0.05 0.06666666666666667
