0 0.5359375 0.6583333333333333 0.059375 0.075
0 0.440625 0.15 0.05625 0.075
0 0.49375 0.225 0.05625 0.075
0 0.35 0.6916666666666667 0.05625 0.075
0 0.81875 0.2875 0.05625 0.075
0 0.7859375 0.29791666666666666 0.053125 0.07083333333333333
0 0.2265625 0.12291666666666666 0.053125 0.07083333333333333
0 0.4671875 0.46875 0.053125 0.07083333333333333
0 0.396875 0.6041666666666666 0.05 0.06666666666666667
0 0.975 0.4708333333333333 0.05 0.06666666666666667
0 0.390625 0.5416666666666666 0.05 0.06666666666666667
0 0.840625 0.5833333333333334 0.05 0.06666666666666667
