0 0.48125 0.525 0.05625 0.075
0 0.30625 0.6583333333333333 0.05625 0.075
0 0.79375 0.8291666666666667 0.05625 0.075
0 0.06875 0.3541666666666667 0.05625 0.075
0 0.9671875 0.89375 0.053125 0.07083333333333333
0 0.7109375 0.80625 0.053125 0.07083333333333333
0 0.6703125 0.8104166666666667 0.053125 0.07083333333333333
0 0.2546875 0.26875 0.053125 0.07083333333333333
0 0.0390625 0.5645833333333333 0.053125 0.07083333333333333
0 0.3796875 0.07708333333333334 0.053125 0.07083333333333333
0 0.56875 0.875 0.05 0.06666666666666667
0 0.95 0.4 0.05 0.06666666666666667
