0 0.715625 0.07575757575757576 0.05625 0.09090909090909091
0 0.8375 0.7121212121212122 0.05625 0.09090909090909091
0 0.971875 0.6868686868686869 0.05625 0.09090909090909091
0 0.7625 0.7777777777777778 0.05625 0.09090909090909091
0 0.8625 0.06565656565656566 0.05625 0.09090909090909091
0 0.4046875 0.9065656565656566 0.053125 0.08585858585858586
0 0.3234375 0.9065656565656566 0.053125 0.08585858585858586
0 0.2421875 0.7803030303030303 0.053125 0.08585858585858586
0 0.9703125 0.7828282828282829 0.053125 0.08080808080808081
0 0.1125 0.8737373737373737 0.05 0.08080808080808081
0 0.0625 0.7373737373737373 0.05 0.08080808080808081
