0 0.428125 0.7276995305164319 0.05625 0.08450704225352113
0 0.515625 0.6995305164319249 0.05625 0.08450704225352113
0 0.43125 0.18309859154929578 0.05625 0.08450704225352113
0 0.690625 0.18779342723004694 0.05625 0.08450704225352113
0 0.359375 0.5751173708920188 0.05625 0.07981220657276995
0 0.7140625 0.2981220657276995 0.053125 0.07981220657276995
0 0.2734375 0.1431924882629108 0.053125 0.07981220657276995
0 0.1015625 0.42488262910798125 0.053125 0.07981220657276995
0 0.11875 0.6666666666666666 0.05 0.07511737089201878
0 0.2125 0.4694835680751174 0.05 0.07511737089201878
0 0.75625 0.13615023474178403 0.05 0.07511737089201878
0 0.121875 0.29577464788732394 0.05 0.07511737089201878
