0 0.78125 0.431924882629108 0.05625 0.08450704225352113
0 0.4 0.28169014084507044 0.05625 0.08450704225352113
0 0.653125 0.13615023474178403 0.05625 0.08450704225352113
0 0.7375 0.5352112676056338 0.05625 0.08450704225352113
0 0.1671875 0.08215962441314555 0.053125 0.07981220657276995
0 0.8765625 0.7676056338028169 0.053125 0.07981220657276995
0 0.7765625 0.4953051643192488 0.053125 0.07981220657276995
0 0.3046875 0.8615023474178404 0.053125 0.07981220657276995
0 0.1 0.13145539906103287 0.05 0.07511737089201878
0 0.078125 0.7981220657276995 0.05 0.07511737089201878
0 0.21875 0.22535211267605634 0.05 0.07511737089201878
