0 0.03125 0.8125 0.05625 0.075
0 0.36875 0.35 0.05625 0.075
0 0.534375 0.7666666666666667 0.05625 0.075
0 0.196875 0.5458333333333333 0.05625 0.075
0 0.6078125 0.83125 0.053125 0.07083333333333333
0 0.2859375 0.91875 0.053125 0.07083333333333333
0 0.9234375 0.9666666666666667 0.053125 0.06666666666666667
0 0.790625 0.5625 0.05 0.06666666666666667
0 0.740625 0.38333333333333336 0.05 0.06666666666666667
0 0.365625 0.9375 0.05 0.06666666666666667
0 0.921875 0.6916666666666667 0.05 0.06666666666666667
0 0.525 0.0375 0.05 0.06666666666666667
