0 0.6375 0.7962962962962963 0.05625 0.1111111111111111
0 0.796875 0.7345679012345679 0.05625 0.1111111111111111
0 0.2359375 0.3425925925925926 0.053125 0.10493827160493827
0 0.3859375 0.5154320987654321 0.053125 0.10493827160493827
0 0.8265625 0.1697530864197531 0.053125 0.10493827160493827
0 0.3984375 0.27469135802469136 0.053125 0.10493827160493827
0 0.3734375 0.5833333333333334 0.053125 0.10493827160493827
0 0.14375 0.9012345679012346 0.05 0.09876543209876543
0 0.05625 0.5679012345679012 0.05 0.09876543209876543
0 0.803125 0.5061728395061729 0.05 0.09876543209876543
0 0.30625 0.2037037037037037 0.05 0.09876543209876543
