0 0.628125 0.35714285714285715 0.05625 0.08571428571428572
0 0.953125 0.23809523809523808 0.05625 0.08571428571428572
0 0.4203125 0.7547619047619047 0.053125 0.08095238095238096
0 0.0828125 0.3547619047619048 0.053125 0.08095238095238096
0 0.453125 0.8333333333333334 0.05 0.0761904761904762
0 0.578125 0.43333333333333335 0.05 0.0761904761904762
0 0.4125 0.2619047619047619 0.05 0.0761904761904762
0 0.34375 0.49523809523809526 0.05 0.0761904761904762
0 0.5 0.3142857142857143 0.05 0.0761904761904762
0 0.68125 0.2857142857142857 0.05 0.0761904761904762
0 0.90625 0.2 0.05 0.0761904761904762
