0 0.434375 0.049773755656108594 0.05625 0.08144796380090498
0 0.296875 0.5565610859728507 0.05625 0.08144796380090498
0 0.440625 0.6470588235294118 0.05625 0.08144796380090498
0 0.7171875 0.05203619909502263 0.053125 0.07692307692307693
0 0.7984375 0.8212669683257918 0.053125 0.07692307692307693
0 0.5921875 0.834841628959276 0.053125 0.07692307692307693
0 0.0296875 0.39592760180995473 0.053125 0.07692307692307693
0 0.1359375 0.9343891402714932 0.053125 0.07692307692307693
0 0.921875 0.497737556561086 0.05 0.07239819004524888
0 0.825 0.7737556561085973 0.05 0.07239819004524888
