0 0.259375 0.23651452282157676 0.05625 0.07468879668049792
0 0.68125 0.14937759336099585 0.05625 0.07468879668049792
0 0.665625 0.3900414937759336 0.05625 0.07468879668049792
0 0.1453125 0.9481327800829875 0.053125 0.07053941908713693
0 0.7234375 0.558091286307054 0.053125 0.07053941908713693
0 0.5515625 0.3257261410788382 0.053125 0.07053941908713693
0 0.9328125 0.9315352697095436 0.053125 0.07053941908713693
0 0.09375 0.31950207468879666 0.05 0.06639004149377593
0 0.80625 0.8672199170124482 0.05 0.06639004149377593
0 0.6125 0.9626556016597511 0.05 0.06639004149377593
