0 0.246875 0.6458333333333334 0.05625 0.075
0 0.878125 0.32083333333333336 0.05625 0.075
0 0.521875 0.7791666666666667 0.05625 0.075
0 0.6015625 0.61875 0.053125 0.07083333333333333
0 0.8046875 0.7229166666666667 0.053125 0.07083333333333333
0 0.8515625 0.15625 0.053125 0.07083333333333333
0 0.209375 0.75 0.05 0.06666666666666667
0 0.04375 0.6375 0.05 0.06666666666666667
0 0.28125 0.9666666666666667 0.05 0.06666666666666667
0 0.134375 0.3625 0.05 0.06666666666666667
0 0.490625 0.18541666666666667 0.05 0.0625
