0 0.4109375 0.31875 0.059375 0.07916666666666666
0 0.784375 0.3541666666666667 0.05625 0.075
0 0.3984375 0.9145833333333333 0.053125 0.07083333333333333
0 0.0890625 0.6229166666666667 0.053125 0.07083333333333333
0 0.6421875 0.47708333333333336 0.053125 0.07083333333333333
0 0.33125 0.6208333333333333 0.05 0.06666666666666667
0 0.909375 0.8833333333333333 0.05 0.06666666666666667
0 0.346875 0.6208333333333333 0.05 0.06666666666666667
0 0.26875 0.5895833333333333 0.05 0.0625
0 0.4875 0.8479166666666667 0.05 0.0625
