0 0.6674107142857143 0.4578125 0.05803571428571429 0.040625
0 0.5379464285714286 0.3953125 0.05803571428571429 0.040625
0 0.7098214285714286 0.503125 0.05357142857142857 0.0375
0 0.46875 0.353125 0.05357142857142857 0.0375
0 0.9151785714285714 0.65 0.05357142857142857 0.0375
0 0.6919642857142857 0.465625 0.05357142857142857 0.0375
0 0.7678571428571429 0.2625 0.05357142857142857 0.0375
0 0.05803571428571429 0.7125 0.05357142857142857 0.0375
0 0.8482142857142857 0.5796875 0.05357142857142857 0.034375
0 0.7834821428571429 0.9734375 0.049107142857142856 0.034375
0 0.7700892857142857 0.3453125 0.049107142857142856 0.034375
