0 0.584375 0.10849056603773585 0.05625 0.08490566037735849
0 0.9609375 0.875 0.053125 0.08018867924528301
0 0.7421875 0.07311320754716981 0.053125 0.08018867924528301
0 0.8046875 0.8561320754716981 0.053125 0.08018867924528301
0 0.7203125 0.5825471698113207 0.053125 0.08018867924528301
0 0.4734375 0.9575471698113207 0.053125 0.07547169811320754
0 0.4078125 0.8443396226415094 0.053125 0.07547169811320754
0 0.6375 0.6226415094339622 0.05 0.07547169811320754
0 0.046875 0.42924528301886794 0.05 0.07547169811320754
0 0.175 0.4528301886792453 0.05 0.07547169811320754
