0 0.19921875 0.44144144144144143 0.05859375 0.06006006006006006
0 0.35400390625 0.06456456456456457 0.0576171875 0.05905905905905906
0 0.65869140625 0.08158158158158157 0.0576171875 0.05905905905905906
0 0.1396484375 0.44044044044044045 0.056640625 0.05805805805805806
0 0.255859375 0.43593593593593594 0.056640625 0.057057057057057055
0 0.03369140625 0.3228228228228228 0.0537109375 0.055055055055055056
0 0.33447265625 0.6376376376376376 0.0537109375 0.05405405405405406
0 0.1220703125 0.5795795795795796 0.052734375 0.05405405405405406
0 0.2939453125 0.7417417417417418 0.05078125 0.05205205205205205
0 0.38427734375 0.4319319319319319 0.0498046875 0.05105105105105105
