0 0.946875 0.5932203389830508 0.05625 0.07627118644067797
0 0.959375 0.9533898305084746 0.05625 0.07627118644067797
0 0.6109375 0.2309322033898305 0.053125 0.07203389830508475
0 0.9453125 0.3919491525423729 0.053125 0.07203389830508475
0 0.4234375 0.2648305084745763 0.053125 0.07203389830508475
0 0.6046875 0.934322033898305 0.053125 0.07203389830508475
0 0.2453125 0.05084745762711865 0.053125 0.06779661016949153
0 0.8640625 0.2627118644067797 0.053125 0.06779661016949153
0 0.840625 0.8813559322033898 0.05 0.06779661016949153
0 0.28125 0.1652542372881356 0.05 0.06779661016949153
0 0.3 0.614406779661017 0.05 0.06779661016949153
0 0.35625 0.06779661016949153 0.05 0.06779661016949153
