0 0.4078125 0.05066079295154185 0.059375 0.08370044052863436
0 0.05 0.933920704845815 0.05625 0.07929515418502203
0 0.31875 0.6035242290748899 0.05625 0.07929515418502203
0 0.45625 0.15418502202643172 0.05625 0.07929515418502203
0 0.178125 0.5110132158590308 0.05625 0.07929515418502203
0 0.06875 0.5947136563876652 0.05625 0.07929515418502203
0 0.05 0.7599118942731278 0.05625 0.07488986784140969
0 0.2234375 0.2841409691629956 0.053125 0.07488986784140969
0 0.3234375 0.42951541850220265 0.053125 0.07488986784140969
0 0.621875 0.933920704845815 0.05 0.07048458149779736
