0 0.4875 0.11961722488038277 0.05625 0.0861244019138756
0 0.553125 0.3157894736842105 0.05625 0.0861244019138756
0 0.4046875 0.7535885167464115 0.053125 0.08133971291866028
0 0.5703125 0.4043062200956938 0.053125 0.08133971291866028
0 0.7390625 0.29904306220095694 0.053125 0.08133971291866028
0 0.0703125 0.37559808612440193 0.053125 0.08133971291866028
0 0.296875 0.3397129186602871 0.05 0.07655502392344497
0 0.53125 0.5598086124401914 0.05 0.07655502392344497
0 0.665625 0.14354066985645933 0.05 0.07655502392344497
0 0.159375 0.49282296650717705 0.05 0.07655502392344497
