0 0.1671875 0.19014084507042253 0.059375 0.0892018779342723
0 0.028125 0.8685446009389671 0.05625 0.08450704225352113
0 0.234375 0.20187793427230047 0.05625 0.08450704225352113
0 0.515625 0.6525821596244131 0.05625 0.08450704225352113
0 0.8671875 0.7065727699530516 0.053125 0.07981220657276995
0 0.8921875 0.7253521126760564 0.053125 0.07981220657276995
0 0.2625 0.4507042253521127 0.05 0.07511737089201878
0 0.5375 0.3192488262910798 0.05 0.07511737089201878
0 0.840625 0.5258215962441315 0.05 0.07511737089201878
0 0.409375 0.812206572769953 0.05 0.07511737089201878
0 0.903125 0.49765258215962443 0.05 0.07511737089201878
