0 0.13125 0.49583333333333335 0.05625 0.075
0 0.565625 0.7291666666666666 0.05625 0.075
0 0.24375 0.6479166666666667 0.05625 0.07083333333333333
0 0.3484375 0.7520833333333333 0.053125 0.07083333333333333
0 0.4015625 0.86875 0.053125 0.07083333333333333
0 0.2671875 0.39375 0.053125 0.07083333333333333
0 0.1953125 0.64375 0.053125 0.07083333333333333
0 0.70625 0.6958333333333333 0.05 0.06666666666666667
0 0.0875 0.225 0.05 0.06666666666666667
0 0.5375 0.8791666666666667 0.05 0.06666666666666667
0 0.490625 0.7916666666666666 0.05 0.06666666666666667
0 0.29375 0.75 0.05 0.06666666666666667
