0 0.1203125 0.28958333333333336 0.059375 0.07916666666666666
0 0.896875 0.4375 0.05625 0.075
0 0.33125 0.5875 0.05625 0.075
0 0.428125 0.075 0.05625 0.075
0 0.6140625 0.5479166666666667 0.053125 0.07083333333333333
0 0.4828125 0.7020833333333333 0.053125 0.07083333333333333
0 0.6078125 0.58125 0.053125 0.07083333333333333
0 0.6359375 0.5645833333333333 0.053125 0.07083333333333333
0 0.6953125 0.27291666666666664 0.053125 0.07083333333333333
0 0.303125 0.7416666666666667 0.05 0.06666666666666667
