0 0.31875 0.09583333333333334 0.05625 0.075
0 0.7625 0.6625 0.05625 0.075
0 0.7625 0.8854166666666666 0.05625 0.07083333333333333
0 0.3921875 0.35625 0.053125 0.07083333333333333
0 0.1046875 0.4395833333333333 0.053125 0.07083333333333333
0 0.13125 0.1875 0.05 0.06666666666666667
0 0.065625 0.8666666666666667 0.05 0.06666666666666667
0 0.734375 0.8583333333333333 0.05 0.06666666666666667
0 0.80625 0.6333333333333333 0.05 0.06666666666666667
0 0.190625 0.35 0.05 0.06666666666666667
0 0.475 0.5458333333333333 0.05 0.06666666666666667
0 0.890625 0.5 0.05 0.06666666666666667
