0 0.0859375 0.11135371179039301 0.059375 0.08296943231441048
0 0.053125 0.08733624454148471 0.05625 0.07860262008733625
0 0.040625 0.1091703056768559 0.05625 0.07860262008733625
0 0.13125 0.6899563318777293 0.05625 0.07860262008733625
0 0.3359375 0.8144104803493449 0.053125 0.07423580786026202
0 0.2609375 0.259825327510917 0.053125 0.07423580786026202
0 0.6078125 0.75764192139738 0.053125 0.07423580786026202
0 0.159375 0.0611353711790393 0.05 0.06986899563318777
0 0.6375 0.18777292576419213 0.05 0.06986899563318777
0 0.975 0.043668122270742356 0.05 0.06986899563318777
0 0.809375 0.7903930131004366 0.05 0.06986899563318777
