0 0.9109375 0.55625 0.059375 0.07916666666666666
0 0.03125 0.05416666666666667 0.05625 0.075
0 0.434375 0.8166666666666667 0.05625 0.075
0 0.6625 0.35833333333333334 0.05625 0.075
0 0.259375 0.2625 0.05625 0.075
0 0.9 0.95 0.05625 0.075
0 0.8609375 0.48125 0.053125 0.07083333333333333
0 0.7140625 0.4354166666666667 0.053125 0.07083333333333333
0 0.51875 0.10833333333333334 0.05 0.06666666666666667
0 0.9625 0.13333333333333333 0.05 0.06666666666666667
0 0.096875 0.8291666666666667 0.05 0.06666666666666667
