0 0.8828125 0.3020833333333333 0.059375 0.07916666666666666
0 0.80625 0.7208333333333333 0.05625 0.075
0 0.25 0.7229166666666667 0.05625 0.07083333333333333
0 0.6640625 0.5395833333333333 0.053125 0.07083333333333333
0 0.7390625 0.91875 0.053125 0.07083333333333333
0 0.1515625 0.34375 0.053125 0.07083333333333333
0 0.9109375 0.18958333333333333 0.053125 0.07083333333333333
0 0.4703125 0.45625 0.053125 0.07083333333333333
0 0.8640625 0.8541666666666666 0.053125 0.06666666666666667
0 0.803125 0.35 0.05 0.06666666666666667
0 0.1625 0.4041666666666667 0.05 0.06666666666666667
0 0.74375 0.675 0.05 0.06666666666666667
