0 0.5583333333333333 0.5734375 0.058333333333333334 0.040625
0 0.8395833333333333 0.4765625 0.05416666666666667 0.040625
0 0.09375 0.0671875 0.05416666666666667 0.040625
0 0.19791666666666666 0.7765625 0.05416666666666667 0.040625
0 0.80625 0.6359375 0.05416666666666667 0.040625
0 0.6104166666666667 0.6703125 0.05416666666666667 0.040625
0 0.4041666666666667 0.0375 0.05 0.0375
0 0.20416666666666666 0.246875 0.05 0.0375
0 0.12916666666666668 0.725 0.05 0.0375
0 0.38333333333333336 0.4734375 0.05 0.034375
0 0.9041666666666667 0.9828125 0.05 0.034375
