0 0.0625 0.7653631284916201 0.05625 0.1005586592178771
0 0.509375 0.6759776536312849 0.05625 0.1005586592178771
0 0.825 0.4972067039106145 0.05625 0.1005586592178771
0 0.4375 0.40502793296089384 0.05625 0.09497206703910614
0 0.703125 0.18156424581005587 0.05625 0.09497206703910614
0 0.0390625 0.33798882681564246 0.053125 0.09497206703910614
0 0.8703125 0.20391061452513967 0.053125 0.09497206703910614
0 0.8890625 0.6787709497206704 0.053125 0.09497206703910614
0 0.0546875 0.9134078212290503 0.053125 0.09497206703910614
0 0.0375 0.41899441340782123 0.05 0.0893854748603352
0 0.890625 0.5698324022346368 0.05 0.0893854748603352
