0 0.8859375 0.8354166666666667 0.059375 0.07916666666666666
0 0.590625 0.5875 0.05625 0.075
0 0.74375 0.8375 0.05625 0.075
0 0.4671875 0.33125 0.053125 0.07083333333333333
0 0.3015625 0.6604166666666667 0.053125 0.07083333333333333
0 0.2390625 0.5395833333333333 0.053125 0.07083333333333333
0 0.6640625 0.85625 0.053125 0.07083333333333333
0 0.5796875 0.07083333333333333 0.053125 0.06666666666666667
0 0.2625 0.42083333333333334 0.05 0.06666666666666667
0 0.703125 0.49583333333333335 0.05 0.06666666666666667
0 0.946875 0.4625 0.05 0.06666666666666667
0 0.878125 0.4625 0.05 0.06666666666666667
