0 0.7671875 0.9104166666666667 0.059375 0.07916666666666666
0 0.225 0.5583333333333333 0.05625 0.075
0 0.09375 0.0625 0.05625 0.075
0 0.596875 0.8604166666666667 0.05625 0.07083333333333333
0 0.4171875 0.9479166666666666 0.053125 0.07083333333333333
0 0.9453125 0.6229166666666667 0.053125 0.07083333333333333
0 0.6984375 0.25625 0.053125 0.07083333333333333
0 0.0921875 0.6979166666666666 0.053125 0.07083333333333333
0 0.703125 0.7375 0.05 0.06666666666666667
0 0.95 0.06666666666666667 0.05 0.06666666666666667
0 0.746875 0.5583333333333333 0.05 0.06666666666666667
0 0.184375 0.8708333333333333 0.05 0.06666666666666667
