0 0.5093457943925234 0.659375 0.056074766355140186 0.0375
0 0.308411214953271 0.475 0.056074766355140186 0.0375
0 0.9018691588785047 0.09375 0.056074766355140186 0.0375
0 0.5747663551401869 0.5859375 0.056074766355140186 0.034375
0 0.20327102803738317 0.6484375 0.0514018691588785 0.034375
0 0.735981308411215 0.3171875 0.0514018691588785 0.034375
0 0.3574766355140187 0.8703125 0.0514018691588785 0.034375
0 0.08644859813084112 0.6609375 0.0514018691588785 0.034375
0 0.75 0.0234375 0.0514018691588785 0.034375
0 0.5817757009345794 0.4828125 0.0514018691588785 0.034375
0 0.6728971962616822 0.959375 0.04672897196261682 0.03125
