0 0.7640625 0.10981308411214953 0.059375 0.08878504672897196
0 0.896875 0.8271028037383178 0.05625 0.08411214953271028
0 0.3 0.35046728971962615 0.05625 0.08411214953271028
0 0.446875 0.5560747663551402 0.05625 0.08411214953271028
0 0.9609375 0.9369158878504673 0.053125 0.0794392523364486
0 0.8953125 0.5257009345794392 0.053125 0.0794392523364486
0 0.875 0.2757009345794392 0.05 0.07476635514018691
0 0.5375 0.883177570093458 0.05 0.07476635514018691
0 0.428125 0.14018691588785046 0.05 0.07476635514018691
0 0.453125 0.4976635514018692 0.05 0.07009345794392523
0 0.584375 0.7453271028037384 0.05 0.07009345794392523
0 0.9625 0.21261682242990654 0.05 0.07009345794392523
