0 0.396875 0.1375 0.05625 0.075
0 0.2375 0.4875 0.05625 0.075
0 0.58125 0.8916666666666667 0.05625 0.075
0 0.3765625 0.06875 0.053125 0.07083333333333333
0 0.2265625 0.6979166666666666 0.053125 0.07083333333333333
0 0.9390625 0.88125 0.053125 0.07083333333333333
0 0.1625 0.7 0.05 0.06666666666666667
0 0.515625 0.4791666666666667 0.05 0.06666666666666667
0 0.3375 0.15 0.05 0.06666666666666667
0 0.34375 0.8791666666666667 0.05 0.06666666666666667
0 0.428125 0.03333333333333333 0.05 0.06666666666666667
0 0.496875 0.5145833333333333 0.05 0.0625
