0 0.1125 0.42916666666666664 0.05625 0.075
0 0.128125 0.5208333333333334 0.05625 0.075
0 0.6578125 0.6520833333333333 0.053125 0.07083333333333333
0 0.8828125 0.12708333333333333 0.053125 0.07083333333333333
0 0.9171875 0.035416666666666666 0.053125 0.07083333333333333
0 0.9203125 0.51875 0.053125 0.07083333333333333
0 0.1203125 0.32708333333333334 0.053125 0.07083333333333333
0 0.7546875 0.6729166666666667 0.053125 0.07083333333333333
0 0.0875 0.5125 0.05 0.06666666666666667
0 0.53125 0.75 0.05 0.06666666666666667
