0 0.6578125 0.5207253886010362 0.059375 0.09844559585492228
0 0.9359375 0.10103626943005181 0.059375 0.09844559585492228
0 0.271875 0.3316062176165803 0.05625 0.09326424870466321
0 0.575 0.8290155440414507 0.05625 0.09326424870466321
0 0.8625 0.46113989637305697 0.05625 0.09326424870466321
0 0.6515625 0.28756476683937826 0.053125 0.08808290155440414
0 0.3546875 0.09067357512953368 0.053125 0.08808290155440414
0 0.4453125 0.8367875647668394 0.053125 0.08808290155440414
0 0.4390625 0.18911917098445596 0.053125 0.08808290155440414
0 0.2421875 0.20207253886010362 0.053125 0.08290155440414508
0 0.44375 0.6735751295336787 0.05 0.08290155440414508
