0 0.515625 0.15 0.05625 0.075
0 0.246875 0.7458333333333333 0.05625 0.075
0 0.1359375 0.15625 0.053125 0.07083333333333333
0 0.8578125 0.9145833333333333 0.053125 0.07083333333333333
0 0.5640625 0.20208333333333334 0.053125 0.07083333333333333
0 0.3328125 0.3729166666666667 0.053125 0.07083333333333333
0 0.1671875 0.9020833333333333 0.053125 0.07083333333333333
0 0.31875 0.9375 0.05 0.06666666666666667
0 0.928125 0.43333333333333335 0.05 0.06666666666666667
0 0.290625 0.46458333333333335 0.05 0.0625
