0 0.5734375 0.83125 0.059375 0.07916666666666666
0 0.6328125 0.9104166666666667 0.059375 0.07916666666666666
0 0.8328125 0.75625 0.059375 0.07916666666666666
0 0.340625 0.30833333333333335 0.05625 0.075
0 0.2265625 0.8020833333333334 0.053125 0.07083333333333333
0 0.8328125 0.09375 0.053125 0.07083333333333333
0 0.171875 0.875 0.05 0.06666666666666667
0 0.275 0.9583333333333334 0.05 0.06666666666666667
0 0.453125 0.6041666666666666 0.05 0.06666666666666667
0 0.634375 0.2708333333333333 0.05 0.06666666666666667
0 0.39375 0.6791666666666667 0.05 0.06666666666666667
