0 0.7875 0.6830601092896175 0.05625 0.09836065573770492
0 0.790625 0.23497267759562843 0.05625 0.09836065573770492
0 0.7765625 0.2540983606557377 0.053125 0.09289617486338798
0 0.1515625 0.3907103825136612 0.053125 0.09289617486338798
0 0.3484375 0.8114754098360656 0.053125 0.09289617486338798
0 0.5234375 0.08469945355191257 0.053125 0.09289617486338798
0 0.5953125 0.3743169398907104 0.053125 0.09289617486338798
0 0.8359375 0.3797814207650273 0.053125 0.09289617486338798
0 0.7 0.5409836065573771 0.05 0.08743169398907104
0 0.053125 0.46994535519125685 0.05 0.08743169398907104
0 0.928125 0.273224043715847 0.05 0.08743169398907104
