0 0.18125 0.048458149779735685 0.05625 0.07929515418502203
0 0.91875 0.2907488986784141 0.05625 0.07929515418502203
0 0.934375 0.748898678414097 0.05625 0.07929515418502203
0 0.6890625 0.8832599118942731 0.053125 0.07488986784140969
0 0.7078125 0.33259911894273125 0.053125 0.07488986784140969
0 0.6796875 0.05506607929515418 0.053125 0.07488986784140969
0 0.3046875 0.09911894273127753 0.053125 0.07488986784140969
0 0.525 0.46255506607929514 0.05 0.07048458149779736
0 0.5625 0.5462555066079295 0.05 0.07048458149779736
0 0.38125 0.8325991189427313 0.05 0.07048458149779736
0 0.79375 0.22246696035242292 0.05 0.06607929515418502
