0 0.028125 0.8411214953271028 0.05625 0.08411214953271028
0 0.30625 0.0514018691588785 0.05625 0.08411214953271028
0 0.115625 0.3130841121495327 0.05625 0.08411214953271028
0 0.721875 0.22429906542056074 0.05625 0.08411214953271028
0 0.6375 0.24299065420560748 0.05625 0.08411214953271028
0 0.8328125 0.8294392523364486 0.053125 0.0794392523364486
0 0.6015625 0.28738317757009346 0.053125 0.0794392523364486
0 0.421875 0.5280373831775701 0.05 0.07476635514018691
0 0.296875 0.4719626168224299 0.05 0.07476635514018691
0 0.484375 0.5420560747663551 0.05 0.07476635514018691
