0 0.5921875 0.73125 0.059375 0.07916666666666666
0 0.890625 0.4791666666666667 0.05625 0.075
0 0.6984375 0.27708333333333335 0.053125 0.07083333333333333
0 0.9078125 0.44375 0.053125 0.07083333333333333
0 0.3015625 0.86875 0.053125 0.07083333333333333
0 0.4890625 0.33125 0.053125 0.07083333333333333
0 0.7375 0.1375 0.05 0.06666666666666667
0 0.309375 0.9208333333333333 0.05 0.06666666666666667
0 0.1125 0.2833333333333333 0.05 0.06666666666666667
0 0.228125 0.275 0.05 0.06666666666666667
0 0.35 0.7083333333333334 0.05 0.06666666666666667
0 0.65 0.17916666666666667 0.05 0.06666666666666667
