0 0.0421875 0.1705607476635514 0.059375 0.08878504672897196
0 0.10625 0.2803738317757009 0.05625 0.08411214953271028
0 0.65625 0.13317757009345793 0.05625 0.0794392523364486
0 0.7671875 0.3294392523364486 0.053125 0.0794392523364486
0 0.7265625 0.10514018691588785 0.053125 0.0794392523364486
0 0.0671875 0.647196261682243 0.053125 0.0794392523364486
0 0.0515625 0.36682242990654207 0.053125 0.0794392523364486
0 0.7859375 0.28738317757009346 0.053125 0.0794392523364486
0 0.26875 0.4532710280373832 0.05 0.07476635514018691
0 0.45625 0.9252336448598131 0.05 0.07476635514018691
0 0.259375 0.8411214953271028 0.05 0.07476635514018691
0 0.1375 0.37850467289719625 0.05 0.07476635514018691
