0 0.53125 0.21669106881405564 0.05859375 0.08784773060029283
0 0.90185546875 0.3740849194729136 0.0576171875 0.08638360175695461
0 0.12255859375 0.8469985358711567 0.0576171875 0.08638360175695461
0 0.12158203125 0.7459736456808199 0.0576171875 0.08638360175695461
0 0.87548828125 0.7518301610541728 0.0556640625 0.08345534407027819
0 0.1259765625 0.5622254758418741 0.0546875 0.08199121522693997
0 0.03515625 0.20937042459736457 0.0546875 0.08199121522693997
0 0.84033203125 0.62298682284041 0.0537109375 0.08052708638360176
0 0.796875 0.13323572474377746 0.052734375 0.07906295754026355
0 0.45263671875 0.8484626647144948 0.0517578125 0.07759882869692533
0 0.61328125 0.43484626647144947 0.05078125 0.07613469985358712
0 0.193359375 0.6881405563689604 0.05078125 0.07613469985358712
