0 0.59375 0.4666666666666667 0.05625 0.075
0 0.103125 0.7625 0.05625 0.075
0 0.665625 0.6041666666666666 0.05625 0.075
0 0.4375 0.08333333333333333 0.05625 0.075
0 0.2359375 0.4270833333333333 0.053125 0.07083333333333333
0 0.5859375 0.6125 0.053125 0.06666666666666667
0 0.9125 0.058333333333333334 0.05 0.06666666666666667
0 0.9125 0.8583333333333333 0.05 0.06666666666666667
0 0.625 0.07916666666666666 0.05 0.06666666666666667
0 0.28125 0.6375 0.05 0.06666666666666667
0 0.434375 0.8083333333333333 0.05 0.06666666666666667
0 0.109375 0.6666666666666666 0.05 0.06666666666666667
