0 0.2609375 0.6020833333333333 0.059375 0.07916666666666666
0 0.6265625 0.5895833333333333 0.059375 0.07916666666666666
0 0.59375 0.5625 0.05625 0.075
0 0.934375 0.7833333333333333 0.05625 0.075
0 0.4046875 0.24791666666666667 0.053125 0.07083333333333333
0 0.4796875 0.8729166666666667 0.053125 0.07083333333333333
0 0.3515625 0.6041666666666666 0.053125 0.06666666666666667
0 0.878125 0.775 0.05 0.06666666666666667
0 0.553125 0.9416666666666667 0.05 0.06666666666666667
0 0.203125 0.8666666666666667 0.05 0.06666666666666667
0 0.346875 0.90625 0.05 0.0625
