0 0.2328125 0.64375 0.059375 0.07916666666666666
0 0.2765625 0.5875 0.059375 0.075
0 0.09375 0.7708333333333334 0.05625 0.075
0 0.8984375 0.5354166666666667 0.053125 0.07083333333333333
0 0.4296875 0.46875 0.053125 0.07083333333333333
0 0.3078125 0.5916666666666667 0.053125 0.06666666666666667
0 0.490625 0.37083333333333335 0.05 0.06666666666666667
0 0.125 0.725 0.05 0.06666666666666667
0 0.5875 0.8 0.05 0.06666666666666667
0 0.540625 0.9 0.05 0.06666666666666667
0 0.075 0.35 0.05 0.06666666666666667
