0 0.6171875 0.70625 0.059375 0.07916666666666666
0 0.4578125 0.7354166666666667 0.059375 0.07916666666666666
0 0.578125 0.9291666666666667 0.05625 0.075
0 0.8625 0.9375 0.05625 0.075
0 0.865625 0.9145833333333333 0.05625 0.07083333333333333
0 0.4546875 0.7104166666666667 0.053125 0.07083333333333333
0 0.4875 0.8208333333333333 0.05 0.06666666666666667
0 0.76875 0.041666666666666664 0.05 0.06666666666666667
0 0.49375 0.725 0.05 0.06666666666666667
0 0.803125 0.14583333333333334 0.05 0.06666666666666667
0 0.359375 0.3958333333333333 0.05 0.06666666666666667
0 0.4125 0.26875 0.05 0.0625
