0 0.029166666666666667 0.825 0.058333333333333334 0.04375
0 0.3333333333333333 0.240625 0.058333333333333334 0.04375
0 0.2625 0.659375 0.058333333333333334 0.04375
0 0.78125 0.4890625 0.05416666666666667 0.040625
0 0.56875 0.3109375 0.05416666666666667 0.040625
0 0.6895833333333333 0.9578125 0.05416666666666667 0.040625
0 0.5645833333333333 0.0359375 0.05416666666666667 0.040625
0 0.6375 0.38125 0.05 0.0375
0 0.30416666666666664 0.053125 0.05 0.0375
0 0.5583333333333333 0.303125 0.05 0.0375
0 0.6166666666666667 0.89375 0.05 0.0375
