0 0.528125 0.568075117370892 0.05625 0.08450704225352113
0 0.890625 0.13145539906103287 0.05625 0.08450704225352113
0 0.425 0.1643192488262911 0.05625 0.08450704225352113
0 0.815625 0.9248826291079812 0.05625 0.08450704225352113
0 0.896875 0.7112676056338029 0.05625 0.07981220657276995
0 0.1359375 0.4624413145539906 0.053125 0.07981220657276995
0 0.3921875 0.3732394366197183 0.053125 0.07981220657276995
0 0.5703125 0.9272300469483568 0.053125 0.07981220657276995
0 0.209375 0.647887323943662 0.05 0.07511737089201878
0 0.684375 0.7417840375586855 0.05 0.07511737089201878
