0 0.22971652003910067 0.5190058479532164 0.05865102639296188 0.08771929824561403
0 0.07135874877810362 0.7119883040935673 0.056695992179863146 0.0847953216374269
0 0.9379276637341154 0.7887426900584795 0.05571847507331378 0.08333333333333333
0 0.23313782991202345 0.7302631578947368 0.05571847507331378 0.08333333333333333
0 0.3563049853372434 0.12207602339181287 0.05571847507331378 0.08333333333333333
0 0.4252199413489736 0.5394736842105263 0.05278592375366569 0.07894736842105263
0 0.1104594330400782 0.8845029239766082 0.05278592375366569 0.07894736842105263
0 0.7991202346041055 0.6571637426900585 0.05180840664711633 0.07748538011695906
0 0.31036168132942327 0.21271929824561403 0.05180840664711633 0.07748538011695906
0 0.2756598240469208 0.7032163742690059 0.05083088954056696 0.07602339181286549
