0 0.721875 0.48826291079812206 0.05625 0.08450704225352113
0 0.4625 0.5446009389671361 0.05625 0.08450704225352113
0 0.165625 0.8967136150234741 0.05625 0.08450704225352113
0 0.2875 0.8685446009389671 0.05625 0.08450704225352113
0 0.8890625 0.2699530516431925 0.053125 0.07981220657276995
0 0.1828125 0.45774647887323944 0.053125 0.07981220657276995
0 0.6890625 0.9084507042253521 0.053125 0.07981220657276995
0 0.49375 0.39436619718309857 0.05 0.07511737089201878
0 0.55625 0.4788732394366197 0.05 0.07511737089201878
0 0.778125 0.7793427230046949 0.05 0.07511737089201878
0 0.203125 0.1643192488262911 0.05 0.07511737089201878
0 0.034375 0.39436619718309857 0.05 0.07511737089201878
