0 0.9546875 0.2511737089201878 0.059375 0.0892018779342723
0 0.6 0.8873239436619719 0.05625 0.08450704225352113
0 0.553125 0.8732394366197183 0.05625 0.08450704225352113
0 0.15625 0.5352112676056338 0.05625 0.08450704225352113
0 0.31875 0.57981220657277 0.05625 0.07981220657276995
0 0.2046875 0.2323943661971831 0.053125 0.07981220657276995
0 0.9234375 0.05868544600938967 0.053125 0.07981220657276995
0 0.7078125 0.7723004694835681 0.053125 0.07981220657276995
0 0.0640625 0.22300469483568075 0.053125 0.07981220657276995
0 0.59375 0.30985915492957744 0.05 0.07511737089201878
0 0.125 0.7112676056338029 0.05 0.07042253521126761
