0 0.8328125 0.931924882629108 0.059375 0.0892018779342723
0 0.959375 0.48826291079812206 0.05625 0.08450704225352113
0 0.1875 0.07042253521126761 0.05625 0.08450704225352113
0 0.1953125 0.7253521126760564 0.053125 0.07981220657276995
0 0.2671875 0.14788732394366197 0.053125 0.07981220657276995
0 0.7609375 0.12910798122065728 0.053125 0.07981220657276995
0 0.6828125 0.6690140845070423 0.053125 0.07981220657276995
0 0.2875 0.07511737089201878 0.05 0.07511737089201878
0 0.8625 0.8685446009389671 0.05 0.07511737089201878
0 0.509375 0.8215962441314554 0.05 0.07511737089201878
