0 0.203125 0.09389671361502347 0.05625 0.08450704225352113
0 0.79375 0.5023474178403756 0.05625 0.08450704225352113
0 0.828125 0.2535211267605634 0.05625 0.08450704225352113
0 0.825 0.6431924882629108 0.05625 0.08450704225352113
0 0.7984375 0.09154929577464789 0.053125 0.07981220657276995
0 0.2828125 0.5845070422535211 0.053125 0.07981220657276995
0 0.309375 0.8169014084507042 0.05 0.07511737089201878
0 0.56875 0.9154929577464789 0.05 0.07511737089201878
0 0.2375 0.03755868544600939 0.05 0.07511737089201878
0 0.95625 0.11737089201877934 0.05 0.07511737089201878
