0 0.3359375 0.9131455399061033 0.059375 0.0892018779342723
0 0.6609375 0.931924882629108 0.059375 0.0892018779342723
0 0.953125 0.43661971830985913 0.05625 0.08450704225352113
0 0.265625 0.36619718309859156 0.05625 0.08450704225352113
0 0.2 0.9483568075117371 0.05625 0.08450704225352113
0 0.65625 0.7183098591549296 0.05625 0.08450704225352113
0 0.9609375 0.5093896713615024 0.053125 0.07981220657276995
0 0.1359375 0.1619718309859155 0.053125 0.07981220657276995
0 0.5734375 0.05868544600938967 0.053125 0.07981220657276995
0 0.321875 0.13615023474178403 0.05 0.07511737089201878
0 0.53125 0.5492957746478874 0.05 0.07511737089201878
0 0.571875 0.14553990610328638 0.05 0.07511737089201878
