0 0.5984375 0.7112676056338029 0.059375 0.0892018779342723
0 0.609375 0.8309859154929577 0.05625 0.08450704225352113
0 0.609375 0.046948356807511735 0.05625 0.08450704225352113
0 0.209375 0.704225352112676 0.05625 0.08450704225352113
0 0.165625 0.09859154929577464 0.05625 0.08450704225352113
0 0.165625 0.6056338028169014 0.05625 0.08450704225352113
0 0.7890625 0.8145539906103286 0.053125 0.07981220657276995
0 0.1921875 0.7488262910798122 0.053125 0.07981220657276995
0 0.9359375 0.3215962441314554 0.053125 0.07981220657276995
0 0.18125 0.3474178403755869 0.05 0.07511737089201878
0 0.64375 0.7746478873239436 0.05 0.07511737089201878
