0 0.390625 0.04225352112676056 0.05625 0.08450704225352113
0 0.19375 0.7323943661971831 0.05625 0.08450704225352113
0 0.578125 0.3145539906103286 0.05625 0.08450704225352113
0 0.734375 0.8591549295774648 0.05625 0.08450704225352113
0 0.36875 0.7323943661971831 0.05625 0.08450704225352113
0 0.49375 0.3685446009389671 0.05625 0.07981220657276995
0 0.6765625 0.19953051643192488 0.053125 0.07981220657276995
0 0.6390625 0.4154929577464789 0.053125 0.07981220657276995
0 0.2984375 0.2746478873239437 0.053125 0.07981220657276995
0 0.203125 0.5117370892018779 0.05 0.07511737089201878
