0 0.7698561601000625 0.7677053824362606 0.058786741713570984 0.08876298394711993
0 0.7970606629143214 0.42728989612842305 0.056910569105691054 0.08593012275731822
0 0.8058161350844277 0.19782813975448538 0.05565978736710444 0.08404154863078375
0 0.4277673545966229 0.5986779981114259 0.05378361475922452 0.08120868744098206
0 0.2517198248905566 0.34985835694050993 0.05315822388993121 0.08026440037771483
0 0.739524702939337 0.12039660056657224 0.05315822388993121 0.08026440037771483
0 0.4449656035021889 0.7200188857412654 0.05315822388993121 0.08026440037771483
0 0.8308317698561601 0.8975448536355052 0.05190744215134459 0.07837582625118036
0 0.9571607254534084 0.12228517469310671 0.05190744215134459 0.07837582625118036
0 0.23233270794246405 0.8607176581680831 0.05065666041275797 0.0764872521246459
0 0.05628517823639775 0.9131255901794145 0.050031269543464665 0.07554296506137866
0 0.31081926203877425 0.720491029272899 0.050031269543464665 0.07554296506137866
