0 0.1890625 0.8051643192488263 0.059375 0.0892018779342723
0 0.35 0.3333333333333333 0.05625 0.08450704225352113
0 0.671875 0.4084507042253521 0.05625 0.08450704225352113
0 0.421875 0.43661971830985913 0.05625 0.08450704225352113
0 0.675 0.5258215962441315 0.05625 0.08450704225352113
0 0.2796875 0.8943661971830986 0.053125 0.07981220657276995
0 0.6390625 0.7018779342723005 0.053125 0.07981220657276995
0 0.6015625 0.06338028169014084 0.053125 0.07981220657276995
0 0.2 0.38497652582159625 0.05 0.07511737089201878
0 0.146875 0.6619718309859155 0.05 0.07511737089201878
