0 0.9046875 0.7253521126760564 0.059375 0.0892018779342723
0 0.2171875 0.9178403755868545 0.053125 0.07981220657276995
0 0.1921875 0.903755868544601 0.053125 0.07981220657276995
0 0.6703125 0.11502347417840375 0.053125 0.07981220657276995
0 0.059375 0.5305164319248826 0.05 0.07511737089201878
0 0.353125 0.23943661971830985 0.05 0.07511737089201878
0 0.66875 0.15023474178403756 0.05 0.07511737089201878
0 0.775 0.6009389671361502 0.05 0.07511737089201878
0 0.140625 0.92018779342723 0.05 0.07511737089201878
0 0.0625 0.5727699530516432 0.05 0.07511737089201878
0 0.25 0.03755868544600939 0.05 0.07511737089201878
