0 0.284375 0.8075117370892019 0.05625 0.08450704225352113
0 0.2953125 0.9084507042253521 0.053125 0.07981220657276995
0 0.0859375 0.5375586854460094 0.053125 0.07981220657276995
0 0.9578125 0.7347417840375586 0.053125 0.07981220657276995
0 0.771875 0.647887323943662 0.05 0.07511737089201878
0 0.490625 0.107981220657277 0.05 0.07511737089201878
0 0.5625 0.6103286384976526 0.05 0.07511737089201878
0 0.178125 0.7887323943661971 0.05 0.07511737089201878
0 0.953125 0.6150234741784038 0.05 0.07511737089201878
0 0.353125 0.676056338028169 0.05 0.07511737089201878
