0 0.9390625 0.6229166666666667 0.059375 0.07916666666666666
0 0.7546875 0.61875 0.059375 0.07916666666666666
0 0.565625 0.3958333333333333 0.05625 0.075
0 0.584375 0.37916666666666665 0.05625 0.075
0 0.9609375 0.7729166666666667 0.053125 0.07083333333333333
0 0.9234375 0.3645833333333333 0.053125 0.07083333333333333
0 0.3296875 0.68125 0.053125 0.07083333333333333
0 0.7234375 0.07916666666666666 0.053125 0.06666666666666667
0 0.3234375 0.7375 0.053125 0.06666666666666667
0 0.521875 0.32083333333333336 0.05 0.06666666666666667
0 0.528125 0.6166666666666667 0.05 0.06666666666666667
