0 0.5015625 0.54375 0.059375 0.07916666666666666
0 0.1546875 0.33541666666666664 0.059375 0.07916666666666666
0 0.4140625 0.5229166666666667 0.059375 0.07916666666666666
0 0.0921875 0.10208333333333333 0.059375 0.07916666666666666
0 0.69375 0.95 0.05625 0.075
0 0.278125 0.2375 0.05625 0.075
0 0.58125 0.0375 0.05625 0.075
0 0.728125 0.5416666666666666 0.05625 0.075
0 0.15625 0.8770833333333333 0.05625 0.07083333333333333
0 0.7671875 0.46458333333333335 0.053125 0.07083333333333333
0 0.8984375 0.33125 0.053125 0.07083333333333333
0 0.9625 0.8291666666666667 0.05 0.06666666666666667
