0 0.25833333333333336 0.528125 0.058333333333333334 0.04375
0 0.9520833333333333 0.9171875 0.05416666666666667 0.040625
0 0.83125 0.7578125 0.05416666666666667 0.040625
0 0.6645833333333333 0.0515625 0.05416666666666667 0.040625
0 0.6854166666666667 0.3953125 0.05416666666666667 0.040625
0 0.7 0.378125 0.05 0.0375
0 0.9416666666666667 0.1125 0.05 0.0375
0 0.35 0.49375 0.05 0.0375
0 0.05416666666666667 0.965625 0.05 0.0375
0 0.5666666666666667 0.70625 0.05 0.0375
0 0.8333333333333334 0.1875 0.05 0.0375
