0 0.6791666666666667 0.08125 0.058333333333333334 0.04375
0 0.8583333333333333 0.703125 0.058333333333333334 0.04375
0 0.08958333333333333 0.8359375 0.05416666666666667 0.040625
0 0.8520833333333333 0.9578125 0.05416666666666667 0.040625
0 0.28125 0.959375 0.05416666666666667 0.0375
0 0.3729166666666667 0.296875 0.05416666666666667 0.0375
0 0.7041666666666667 0.921875 0.05 0.0375
0 0.32916666666666666 0.925 0.05 0.0375
0 0.4166666666666667 0.86875 0.05 0.0375
0 0.9041666666666667 0.975 0.05 0.0375
0 0.1375 0.253125 0.05 0.0375
