0 0.675 0.415625 0.058333333333333334 0.04375
0 0.9208333333333333 0.2875 0.058333333333333334 0.04375
0 0.052083333333333336 0.7515625 0.05416666666666667 0.040625
0 0.55625 0.2484375 0.05416666666666667 0.040625
0 0.3645833333333333 0.2953125 0.05416666666666667 0.040625
0 0.61875 0.5984375 0.05416666666666667 0.040625
0 0.25625 0.3515625 0.05416666666666667 0.040625
0 0.32708333333333334 0.51875 0.05416666666666667 0.0375
0 0.4354166666666667 0.5 0.05416666666666667 0.0375
0 0.5708333333333333 0.14375 0.05 0.0375
0 0.7625 0.10625 0.05 0.0375
