0 0.283203125 0.8876953125 0.05859375 0.05859375
0 0.32861328125 0.50830078125 0.0576171875 0.0576171875
0 0.10693359375 0.73095703125 0.0576171875 0.0576171875
0 0.24853515625 0.65576171875 0.0556640625 0.0556640625
0 0.79541015625 0.89501953125 0.0556640625 0.0556640625
0 0.71044921875 0.45947265625 0.0537109375 0.0537109375
0 0.74365234375 0.64404296875 0.0517578125 0.0517578125
0 0.0673828125 0.955078125 0.05078125 0.05078125
0 0.06689453125 0.10986328125 0.0498046875 0.0498046875
0 0.52685546875 0.02783203125 0.0498046875 0.0498046875
