0 0.352112676056338 0.81875 0.056338028169014086 0.0375
0 0.755868544600939 0.56875 0.056338028169014086 0.0375
0 0.7464788732394366 0.853125 0.056338028169014086 0.0375
0 0.9154929577464789 0.746875 0.056338028169014086 0.0375
0 0.1572769953051643 0.1015625 0.051643192488262914 0.034375
0 0.8098591549295775 0.8578125 0.051643192488262914 0.034375
0 0.6126760563380281 0.8171875 0.051643192488262914 0.034375
0 0.6220657276995305 0.2046875 0.051643192488262914 0.034375
0 0.2323943661971831 0.8578125 0.051643192488262914 0.034375
0 0.6126760563380281 0.5046875 0.051643192488262914 0.034375
