0 0.6525821596244131 0.415625 0.056338028169014086 0.0375
0 0.9061032863849765 0.7125 0.056338028169014086 0.0375
0 0.460093896713615 0.4765625 0.056338028169014086 0.034375
0 0.704225352112676 0.7984375 0.056338028169014086 0.034375
0 0.08215962441314555 0.7546875 0.051643192488262914 0.034375
0 0.7065727699530516 0.0734375 0.051643192488262914 0.034375
0 0.8427230046948356 0.5078125 0.051643192488262914 0.034375
0 0.6267605633802817 0.2078125 0.051643192488262914 0.034375
0 0.6220657276995305 0.6140625 0.051643192488262914 0.034375
0 0.8497652582159625 0.671875 0.046948356807511735 0.03125
