0 0.7203125 0.42018779342723006 0.059375 0.0892018779342723
0 0.875 0.7746478873239436 0.05625 0.08450704225352113
0 0.909375 0.5539906103286385 0.05625 0.08450704225352113
0 0.34375 0.6901408450704225 0.05625 0.08450704225352113
0 0.85625 0.09859154929577464 0.05625 0.08450704225352113
0 0.3625 0.1596244131455399 0.05625 0.08450704225352113
0 0.2703125 0.5234741784037559 0.053125 0.07981220657276995
0 0.621875 0.1267605633802817 0.05 0.07511737089201878
0 0.3625 0.9577464788732394 0.05 0.07511737089201878
0 0.7 0.18309859154929578 0.05 0.07511737089201878
