0 0.5164319248826291 0.4375 0.056338028169014086 0.0375
0 0.4694835680751174 0.584375 0.056338028169014086 0.0375
0 0.704225352112676 0.58125 0.056338028169014086 0.0375
0 0.8450704225352113 0.878125 0.056338028169014086 0.0375
0 0.13145539906103287 0.7875 0.056338028169014086 0.0375
0 0.15492957746478872 0.246875 0.056338028169014086 0.0375
0 0.12910798122065728 0.2015625 0.051643192488262914 0.034375
0 0.3967136150234742 0.4359375 0.051643192488262914 0.034375
0 0.7065727699530516 0.0390625 0.051643192488262914 0.034375
0 0.5985915492957746 0.1046875 0.051643192488262914 0.034375
0 0.6572769953051644 0.103125 0.046948356807511735 0.03125
0 0.40375586854460094 0.7546875 0.046948356807511735 0.028125
