0 0.9421875 0.04460093896713615 0.059375 0.0892018779342723
0 0.140625 0.863849765258216 0.05625 0.08450704225352113
0 0.834375 0.27699530516431925 0.05625 0.08450704225352113
0 0.946875 0.07511737089201878 0.05625 0.08450704225352113
0 0.403125 0.18309859154929578 0.05625 0.08450704225352113
0 0.1375 0.7018779342723005 0.05625 0.07981220657276995
0 0.3296875 0.8896713615023474 0.053125 0.07981220657276995
0 0.3515625 0.528169014084507 0.053125 0.07981220657276995
0 0.9265625 0.7065727699530516 0.053125 0.07981220657276995
0 0.9578125 0.6572769953051644 0.053125 0.07511737089201878
0 0.4625 0.7089201877934272 0.05 0.07511737089201878
0 0.528125 0.8967136150234741 0.05 0.07511737089201878
