0 0.7890625 0.45774647887323944 0.059375 0.0892018779342723
0 0.2 0.6244131455399061 0.05625 0.08450704225352113
0 0.94375 0.6244131455399061 0.05625 0.08450704225352113
0 0.171875 0.6197183098591549 0.05625 0.08450704225352113
0 0.375 0.6854460093896714 0.05625 0.08450704225352113
0 0.4015625 0.45774647887323944 0.053125 0.07981220657276995
0 0.6984375 0.960093896713615 0.053125 0.07981220657276995
0 0.2546875 0.3685446009389671 0.053125 0.07981220657276995
0 0.953125 0.4131455399061033 0.05 0.07511737089201878
0 0.76875 0.7887323943661971 0.05 0.07511737089201878
0 0.49375 0.9248826291079812 0.05 0.07511737089201878
