0 0.33447265625 0.361328125 0.0576171875 0.07682291666666667
0 0.85595703125 0.20638020833333334 0.0576171875 0.07682291666666667
0 0.8505859375 0.19791666666666666 0.056640625 0.07552083333333333
0 0.54931640625 0.458984375 0.0556640625 0.07421875
0 0.9541015625 0.2864583333333333 0.0546875 0.07291666666666667
0 0.70654296875 0.6920572916666666 0.0537109375 0.07161458333333333
0 0.10205078125 0.8196614583333334 0.0537109375 0.07161458333333333
0 0.20654296875 0.8548177083333334 0.0537109375 0.07161458333333333
0 0.85888671875 0.439453125 0.0517578125 0.06901041666666667
0 0.6513671875 0.3463541666666667 0.05078125 0.06770833333333333
0 0.61474609375 0.3795572916666667 0.0498046875 0.06640625
