0 0.121875 0.7746478873239436 0.05625 0.08450704225352113
0 0.728125 0.4272300469483568 0.05625 0.08450704225352113
0 0.7296875 0.7910798122065728 0.053125 0.07981220657276995
0 0.4390625 0.903755868544601 0.053125 0.07981220657276995
0 0.3578125 0.22300469483568075 0.053125 0.07981220657276995
0 0.3234375 0.6267605633802817 0.053125 0.07981220657276995
0 0.2515625 0.12910798122065728 0.053125 0.07981220657276995
0 0.3328125 0.2934272300469484 0.053125 0.07981220657276995
0 0.3125 0.27230046948356806 0.05 0.07511737089201878
0 0.38125 0.056338028169014086 0.05 0.07511737089201878
0 0.353125 0.9295774647887324 0.05 0.07511737089201878
