0 0.7015625 0.36875 0.059375 0.07916666666666666
0 0.659375 0.4708333333333333 0.05625 0.075
0 0.5765625 0.27291666666666664 0.053125 0.07083333333333333
0 0.3640625 0.17291666666666666 0.053125 0.07083333333333333
0 0.9078125 0.28958333333333336 0.053125 0.07083333333333333
0 0.3171875 0.13541666666666666 0.053125 0.07083333333333333
0 0.659375 0.5 0.05 0.06666666666666667
0 0.221875 0.39166666666666666 0.05 0.06666666666666667
0 0.65 0.8208333333333333 0.05 0.06666666666666667
0 0.215625 0.7666666666666667 0.05 0.06666666666666667
