0 0.6125 0.5625 0.05625 0.075
0 0.171875 0.9291666666666667 0.05625 0.075
0 0.7375 0.5875 0.05625 0.075
0 0.3625 0.8 0.05625 0.075
0 0.10625 0.23125 0.05625 0.07083333333333333
0 0.5828125 0.3229166666666667 0.053125 0.07083333333333333
0 0.7390625 0.47291666666666665 0.053125 0.07083333333333333
0 0.7359375 0.13958333333333334 0.053125 0.07083333333333333
0 0.0734375 0.05625 0.053125 0.07083333333333333
0 0.671875 0.175 0.05 0.06666666666666667
0 0.884375 0.7333333333333333 0.05 0.06666666666666667
0 0.515625 0.5416666666666666 0.05 0.06666666666666667
