0 0.1265625 0.16458333333333333 0.059375 0.07916666666666666
0 0.821875 0.3625 0.05625 0.075
0 0.196875 0.075 0.05625 0.075
0 0.08125 0.12916666666666668 0.05625 0.075
0 0.046875 0.37916666666666665 0.05625 0.075
0 0.284375 0.3375 0.05625 0.075
0 0.7734375 0.76875 0.053125 0.07083333333333333
0 0.9171875 0.32708333333333334 0.053125 0.07083333333333333
0 0.959375 0.7958333333333333 0.05 0.06666666666666667
0 0.06875 0.21666666666666667 0.05 0.06666666666666667
0 0.33125 0.5333333333333333 0.05 0.06666666666666667
