0 0.7734375 0.8479166666666667 0.059375 0.07916666666666666
0 0.5625 0.6916666666666667 0.05625 0.075
0 0.5375 0.20416666666666666 0.05625 0.075
0 0.409375 0.7333333333333333 0.05625 0.075
0 0.928125 0.13333333333333333 0.05625 0.075
0 0.434375 0.44166666666666665 0.05625 0.075
0 0.3453125 0.43125 0.053125 0.07083333333333333
0 0.9421875 0.38125 0.053125 0.07083333333333333
0 0.3078125 0.9145833333333333 0.053125 0.07083333333333333
0 0.175 0.8416666666666667 0.05 0.06666666666666667
0 0.89375 0.42083333333333334 0.05 0.06666666666666667
