0 0.8921875 0.6197183098591549 0.059375 0.0892018779342723
0 0.73984375 0.6561032863849765 0.0578125 0.08685446009389672
0 0.24609375 0.7007042253521126 0.0578125 0.08685446009389672
0 0.41015625 0.30985915492957744 0.0578125 0.08450704225352113
0 0.2625 0.6784037558685446 0.05625 0.08450704225352113
0 0.04921875 0.25938967136150237 0.0546875 0.08215962441314555
0 0.46640625 0.47769953051643194 0.0546875 0.08215962441314555
0 0.69375 0.704225352112676 0.053125 0.07981220657276995
0 0.91796875 0.34624413145539906 0.0515625 0.07746478873239436
0 0.22265625 0.1772300469483568 0.0515625 0.07746478873239436
