0 0.4234375 0.8979166666666667 0.059375 0.07916666666666666
0 0.39375 0.3875 0.05625 0.075
0 0.484375 0.04583333333333333 0.05625 0.075
0 0.796875 0.39166666666666666 0.05625 0.075
0 0.740625 0.475 0.05625 0.075
0 0.796875 0.3125 0.05625 0.075
0 0.2359375 0.18125 0.053125 0.07083333333333333
0 0.896875 0.875 0.05 0.06666666666666667
0 0.4875 0.42083333333333334 0.05 0.06666666666666667
0 0.059375 0.12916666666666668 0.05 0.06666666666666667
0 0.96875 0.7625 0.05 0.06666666666666667
0 0.89375 0.4583333333333333 0.05 0.06666666666666667
