0 0.9171875 0.6895833333333333 0.059375 0.07916666666666666
0 0.6109375 0.39791666666666664 0.059375 0.07916666666666666
0 0.396875 0.7208333333333333 0.05625 0.075
0 0.721875 0.85 0.05625 0.075
0 0.446875 0.45 0.05625 0.075
0 0.5609375 0.60625 0.053125 0.07083333333333333
0 0.2546875 0.45208333333333334 0.053125 0.07083333333333333
0 0.1625 0.14583333333333334 0.05 0.06666666666666667
0 0.50625 0.7291666666666666 0.05 0.06666666666666667
0 0.765625 0.5875 0.05 0.06666666666666667
0 0.178125 0.7020833333333333 0.05 0.0625
