0 0.4625 0.6416666666666667 0.05625 0.075
0 0.25625 0.8125 0.05625 0.075
0 0.69375 0.45 0.05625 0.075
0 0.73125 0.38958333333333334 0.05625 0.07083333333333333
0 0.5859375 0.27291666666666664 0.053125 0.07083333333333333
0 0.0890625 0.9020833333333333 0.053125 0.07083333333333333
0 0.9234375 0.74375 0.053125 0.07083333333333333
0 0.1046875 0.9395833333333333 0.053125 0.07083333333333333
0 0.8640625 0.06041666666666667 0.053125 0.07083333333333333
0 0.0875 0.7125 0.05 0.06666666666666667
0 0.39375 0.6083333333333333 0.05 0.06666666666666667
0 0.3375 0.3 0.05 0.06666666666666667
