0 0.1 0.6666666666666666 0.05625 0.075
0 0.284375 0.04583333333333333 0.05625 0.075
0 0.840625 0.6166666666666667 0.05625 0.075
0 0.784375 0.37916666666666665 0.05625 0.075
0 0.321875 0.8041666666666667 0.05625 0.075
0 0.5328125 0.76875 0.053125 0.07083333333333333
0 0.6859375 0.28958333333333336 0.053125 0.07083333333333333
0 0.1359375 0.17708333333333334 0.053125 0.07083333333333333
0 0.8734375 0.7833333333333333 0.053125 0.06666666666666667
0 0.9 0.6583333333333333 0.05 0.06666666666666667
0 0.65625 0.8583333333333333 0.05 0.06666666666666667
0 0.596875 0.4666666666666667 0.05 0.06666666666666667
