0 0.1171875 0.55625 0.059375 0.07916666666666666
0 0.9671875 0.47291666666666665 0.059375 0.07916666666666666
0 0.71875 0.7041666666666667 0.05625 0.075
0 0.215625 0.5625 0.05625 0.075
0 0.3625 0.3541666666666667 0.05625 0.075
0 0.21875 0.5708333333333333 0.05625 0.075
0 0.91875 0.7083333333333334 0.05625 0.075
0 0.6015625 0.6979166666666666 0.053125 0.07083333333333333
0 0.3171875 0.6354166666666666 0.053125 0.07083333333333333
0 0.690625 0.9208333333333333 0.05 0.06666666666666667
0 0.65 0.23125 0.05 0.0625
