0 0.2859375 0.5925058548009368 0.059375 0.08899297423887588
0 0.90859375 0.8067915690866511 0.0578125 0.08665105386416862
0 0.82890625 0.10421545667447307 0.0578125 0.08665105386416862
0 0.31796875 0.6428571428571429 0.0578125 0.08665105386416862
0 0.734375 0.6346604215456675 0.053125 0.07962529274004684
0 0.78203125 0.1557377049180328 0.0515625 0.07728337236533958
0 0.3765625 0.13817330210772832 0.05 0.07494145199063232
0 0.71875 0.468384074941452 0.05 0.07494145199063232
0 0.64375 0.1920374707259953 0.05 0.07494145199063232
0 0.828125 0.34192037470725994 0.05 0.07494145199063232
0 0.9171875 0.1920374707259953 0.05 0.07494145199063232
0 0.1234375 0.29508196721311475 0.05 0.07494145199063232
