0 0.3140625 0.50625 0.059375 0.07916666666666666
0 0.11875 0.39166666666666666 0.05625 0.075
0 0.259375 0.7 0.05625 0.075
0 0.4640625 0.7854166666666667 0.053125 0.07083333333333333
0 0.4109375 0.6604166666666667 0.053125 0.07083333333333333
0 0.5171875 0.8145833333333333 0.053125 0.07083333333333333
0 0.2765625 0.27708333333333335 0.053125 0.07083333333333333
0 0.7359375 0.27291666666666664 0.053125 0.07083333333333333
0 0.2890625 0.17708333333333334 0.053125 0.07083333333333333
0 0.496875 0.32916666666666666 0.05 0.06666666666666667
