0 0.6296875 0.12291666666666666 0.053125 0.07083333333333333
0 0.0359375 0.76875 0.053125 0.07083333333333333
0 0.4640625 0.70625 0.053125 0.07083333333333333
0 0.3796875 0.7604166666666666 0.053125 0.07083333333333333
0 0.8734375 0.32708333333333334 0.053125 0.07083333333333333
0 0.8703125 0.20208333333333334 0.053125 0.07083333333333333
0 0.8875 0.4166666666666667 0.05 0.06666666666666667
0 0.71875 0.5041666666666667 0.05 0.06666666666666667
0 0.8875 0.8666666666666667 0.05 0.06666666666666667
0 0.63125 0.8333333333333334 0.05 0.06666666666666667
0 0.10625 0.7770833333333333 0.05 0.0625
