0 0.390625 0.4083333333333333 0.05625 0.075
0 0.25 0.4166666666666667 0.05625 0.075
0 0.415625 0.5416666666666666 0.05625 0.075
0 0.240625 0.10833333333333334 0.05625 0.075
0 0.85625 0.925 0.05625 0.075
0 0.14375 0.6895833333333333 0.05625 0.07083333333333333
0 0.8640625 0.59375 0.053125 0.07083333333333333
0 0.8609375 0.8520833333333333 0.053125 0.07083333333333333
0 0.1921875 0.9020833333333333 0.053125 0.07083333333333333
0 0.6171875 0.4479166666666667 0.053125 0.07083333333333333
0 0.765625 0.10833333333333334 0.05 0.06666666666666667
0 0.796875 0.9 0.05 0.06666666666666667
