0 0.9703125 0.59375 0.059375 0.07916666666666666
0 0.51875 0.6520833333333333 0.05625 0.07083333333333333
0 0.29375 0.5895833333333333 0.05625 0.07083333333333333
0 0.1421875 0.16041666666666668 0.053125 0.07083333333333333
0 0.6328125 0.6895833333333333 0.053125 0.07083333333333333
0 0.1453125 0.6770833333333334 0.053125 0.07083333333333333
0 0.4171875 0.19791666666666666 0.053125 0.07083333333333333
0 0.9703125 0.04375 0.053125 0.07083333333333333
0 0.7828125 0.7270833333333333 0.053125 0.07083333333333333
0 0.4109375 0.31875 0.053125 0.07083333333333333
0 0.278125 0.625 0.05 0.06666666666666667
0 0.8 0.9291666666666667 0.05 0.06666666666666667
