0 0.603125 0.24583333333333332 0.05625 0.075
0 0.746875 0.8625 0.05625 0.075
0 0.55625 0.55 0.05625 0.075
0 0.125 0.4895833333333333 0.05625 0.07083333333333333
0 0.2171875 0.3770833333333333 0.053125 0.07083333333333333
0 0.9234375 0.54375 0.053125 0.07083333333333333
0 0.084375 0.9541666666666667 0.05 0.06666666666666667
0 0.403125 0.3875 0.05 0.06666666666666667
0 0.296875 0.08333333333333333 0.05 0.06666666666666667
0 0.0625 0.7125 0.05 0.06666666666666667
0 0.459375 0.33958333333333335 0.05 0.0625
