0 0.3734375 0.6104166666666667 0.059375 0.07916666666666666
0 0.6296875 0.20208333333333334 0.059375 0.07916666666666666
0 0.675 0.6916666666666667 0.05625 0.075
0 0.296875 0.6125 0.05625 0.075
0 0.1046875 0.07291666666666667 0.053125 0.07083333333333333
0 0.9421875 0.4479166666666667 0.053125 0.07083333333333333
0 0.4515625 0.18125 0.053125 0.07083333333333333
0 0.3921875 0.7333333333333333 0.053125 0.06666666666666667
0 0.83125 0.6291666666666667 0.05 0.06666666666666667
0 0.184375 0.05 0.05 0.06666666666666667
0 0.678125 0.6416666666666667 0.05 0.06666666666666667
