0 0.3125 0.6041666666666666 0.05625 0.075
0 0.315625 0.9 0.05625 0.075
0 0.4359375 0.36041666666666666 0.053125 0.07083333333333333
0 0.3046875 0.47291666666666665 0.053125 0.07083333333333333
0 0.9640625 0.35 0.053125 0.06666666666666667
0 0.928125 0.5625 0.05 0.06666666666666667
0 0.825 0.7125 0.05 0.06666666666666667
0 0.6875 0.8708333333333333 0.05 0.06666666666666667
0 0.165625 0.8083333333333333 0.05 0.06666666666666667
0 0.41875 0.10833333333333334 0.05 0.06666666666666667
0 0.565625 0.42291666666666666 0.05 0.0625
