0 0.328125 0.26666666666666666 0.05625 0.075
0 0.071875 0.7208333333333333 0.05625 0.075
0 0.81875 0.32083333333333336 0.05625 0.075
0 0.5984375 0.6770833333333334 0.053125 0.07083333333333333
0 0.6265625 0.40208333333333335 0.053125 0.07083333333333333
0 0.5640625 0.5895833333333333 0.053125 0.07083333333333333
0 0.6296875 0.9395833333333333 0.053125 0.07083333333333333
0 0.1921875 0.7083333333333334 0.053125 0.06666666666666667
0 0.28125 0.1375 0.05 0.06666666666666667
0 0.128125 0.6291666666666667 0.05 0.06666666666666667
0 0.3625 0.6958333333333333 0.05 0.06666666666666667
