0 0.8671875 0.90625 0.059375 0.07916666666666666
0 0.303125 0.275 0.05625 0.075
0 0.409375 0.6333333333333333 0.05625 0.075
0 0.3484375 0.052083333333333336 0.053125 0.07083333333333333
0 0.0734375 0.8395833333333333 0.053125 0.07083333333333333
0 0.0640625 0.28541666666666665 0.053125 0.07083333333333333
0 0.071875 0.16666666666666666 0.05 0.06666666666666667
0 0.19375 0.9583333333333334 0.05 0.06666666666666667
0 0.128125 0.3416666666666667 0.05 0.06666666666666667
0 0.69375 0.7083333333333334 0.05 0.06666666666666667
0 0.503125 0.49166666666666664 0.05 0.06666666666666667
