0 0.7140625 0.23125 0.059375 0.07916666666666666
0 0.3 0.6125 0.05625 0.075
0 0.6625 0.058333333333333334 0.05625 0.075
0 0.925 0.5708333333333333 0.05625 0.075
0 0.3859375 0.23958333333333334 0.053125 0.07083333333333333
0 0.4578125 0.8104166666666667 0.053125 0.07083333333333333
0 0.5890625 0.6479166666666667 0.053125 0.07083333333333333
0 0.115625 0.625 0.05 0.06666666666666667
0 0.5625 0.9625 0.05 0.06666666666666667
0 0.853125 0.1125 0.05 0.06666666666666667
0 0.653125 0.2833333333333333 0.05 0.06666666666666667
