0 0.3896875 0.23538788522848034 0.059375 0.10095642933049948
0 0.1490625 0.08342189160467588 0.059375 0.10095642933049948
0 0.744375 0.8544102019128587 0.0575 0.09776833156216791
0 0.6075 0.7906482465462275 0.05625 0.09564293304994687
0 0.48625 0.19553666312433582 0.05625 0.09564293304994687
0 0.0484375 0.798087141339001 0.054375 0.09139213602550478
0 0.2 0.2104144527098831 0.0525 0.08926673751328375
0 0.8525 0.6886291179596175 0.05125 0.0871413390010627
0 0.7121875 0.48724760892667374 0.050625 0.08607863974495218
0 0.9453125 0.320403825717322 0.050625 0.08607863974495218
0 0.76875 0.6354941551540914 0.05 0.08501594048884166
