0 0.1265625 0.8979166666666667 0.059375 0.07916666666666666
0 0.03125 0.39166666666666666 0.05625 0.075
0 0.203125 0.07083333333333333 0.05625 0.075
0 0.3 0.825 0.05625 0.075
0 0.325 0.7854166666666667 0.05625 0.07083333333333333
0 0.9109375 0.19375 0.053125 0.07083333333333333
0 0.2484375 0.22291666666666668 0.053125 0.07083333333333333
0 0.65 0.38333333333333336 0.05 0.06666666666666667
0 0.8 0.8083333333333333 0.05 0.06666666666666667
0 0.2625 0.8875 0.05 0.06666666666666667
0 0.953125 0.6625 0.05 0.06666666666666667
0 0.26875 0.1625 0.05 0.06666666666666667
