0 0.5 0.8125 0.05625 0.075
0 0.915625 0.8041666666666667 0.05625 0.075
0 0.528125 0.1625 0.05625 0.075
0 0.4375 0.3333333333333333 0.05625 0.075
0 0.0859375 0.35625 0.053125 0.07083333333333333
0 0.6359375 0.7270833333333333 0.053125 0.07083333333333333
0 0.3546875 0.34375 0.053125 0.07083333333333333
0 0.4765625 0.22708333333333333 0.053125 0.07083333333333333
0 0.625 0.5916666666666667 0.05 0.06666666666666667
0 0.334375 0.175 0.05 0.06666666666666667
0 0.721875 0.8416666666666667 0.05 0.06666666666666667
0 0.90625 0.8166666666666667 0.05 0.06666666666666667
