0 0.625 0.875 0.05625 0.075
0 0.4125 0.5416666666666666 0.05625 0.075
0 0.9671875 0.9395833333333333 0.053125 0.07083333333333333
0 0.1484375 0.24791666666666667 0.053125 0.07083333333333333
0 0.08125 0.12083333333333333 0.05 0.06666666666666667
0 0.03125 0.29583333333333334 0.05 0.06666666666666667
0 0.740625 0.42916666666666664 0.05 0.06666666666666667
0 0.871875 0.8166666666666667 0.05 0.06666666666666667
0 0.159375 0.5708333333333333 0.05 0.06666666666666667
0 0.5625 0.5333333333333333 0.05 0.06666666666666667
