0 0.6734375 0.33125 0.059375 0.07916666666666666
0 0.21875 0.275 0.05625 0.075
0 0.75625 0.4875 0.05625 0.075
0 0.453125 0.16666666666666666 0.05625 0.075
0 0.509375 0.8604166666666667 0.05625 0.07083333333333333
0 0.2984375 0.45625 0.053125 0.07083333333333333
0 0.1234375 0.93125 0.053125 0.07083333333333333
0 0.7484375 0.09375 0.053125 0.07083333333333333
0 0.940625 0.10833333333333334 0.05 0.06666666666666667
0 0.0875 0.9666666666666667 0.05 0.06666666666666667
0 0.93125 0.6166666666666667 0.05 0.06666666666666667
