0 0.21875 0.7583333333333333 0.05625 0.075
0 0.309375 0.2708333333333333 0.05625 0.075
0 0.4125 0.625 0.05625 0.075
0 0.60625 0.44166666666666665 0.05625 0.075
0 0.1109375 0.09791666666666667 0.053125 0.07083333333333333
0 0.6234375 0.39375 0.053125 0.07083333333333333
0 0.2921875 0.33541666666666664 0.053125 0.07083333333333333
0 0.64375 0.8958333333333334 0.05 0.06666666666666667
0 0.08125 0.15416666666666667 0.05 0.06666666666666667
0 0.334375 0.9541666666666667 0.05 0.06666666666666667
0 0.16875 0.7625 0.05 0.06666666666666667
0 0.246875 0.7041666666666667 0.05 0.06666666666666667
