0 0.6984375 0.7645833333333333 0.059375 0.07916666666666666
0 0.8 0.4 0.05625 0.075
0 0.23125 0.7333333333333333 0.05625 0.075
0 0.8875 0.6625 0.05625 0.075
0 0.68125 0.5375 0.05625 0.075
0 0.4859375 0.42291666666666666 0.053125 0.07083333333333333
0 0.8640625 0.5145833333333333 0.053125 0.07083333333333333
0 0.55625 0.07916666666666666 0.05 0.06666666666666667
0 0.909375 0.6708333333333333 0.05 0.06666666666666667
0 0.4875 0.225 0.05 0.06666666666666667
0 0.728125 0.4083333333333333 0.05 0.06666666666666667
