0 0.046875 0.5875 0.05625 0.075
0 0.384375 0.12083333333333333 0.05625 0.075
0 0.9515625 0.23541666666666666 0.053125 0.07083333333333333
0 0.3703125 0.9395833333333333 0.053125 0.07083333333333333
0 0.7546875 0.21875 0.053125 0.07083333333333333
0 0.3671875 0.11041666666666666 0.053125 0.07083333333333333
0 0.446875 0.9041666666666667 0.05 0.06666666666666667
0 0.165625 0.5708333333333333 0.05 0.06666666666666667
0 0.5 0.7333333333333333 0.05 0.06666666666666667
0 0.0875 0.3458333333333333 0.05 0.06666666666666667
0 0.384375 0.23333333333333334 0.05 0.06666666666666667
0 0.028125 0.15 0.05 0.06666666666666667
