0 0.3578125 0.83125 0.059375 0.07916666666666666
0 0.1 0.4166666666666667 0.05625 0.075
0 0.759375 0.5458333333333333 0.05625 0.075
0 0.39375 0.9625 0.05625 0.075
0 0.334375 0.7291666666666666 0.05625 0.075
0 0.6328125 0.39791666666666664 0.053125 0.07083333333333333
0 0.7234375 0.07708333333333334 0.053125 0.07083333333333333
0 0.3609375 0.22291666666666668 0.053125 0.07083333333333333
0 0.4796875 0.6854166666666667 0.053125 0.07083333333333333
0 0.221875 0.5583333333333333 0.05 0.06666666666666667
0 0.334375 0.5833333333333334 0.05 0.06666666666666667
0 0.315625 0.16666666666666666 0.05 0.06666666666666667
