0 0.9125 0.5625 0.05625 0.075
0 0.4125 0.425 0.05625 0.075
0 0.8125 0.7875 0.05625 0.075
0 0.596875 0.1875 0.05625 0.075
0 0.559375 0.18333333333333332 0.05625 0.075
0 0.325 0.35 0.05625 0.075
0 0.05 0.075 0.05625 0.075
0 0.9140625 0.8520833333333333 0.053125 0.07083333333333333
0 0.7078125 0.6645833333333333 0.053125 0.07083333333333333
0 0.1078125 0.8645833333333334 0.053125 0.07083333333333333
0 0.6203125 0.29791666666666666 0.053125 0.07083333333333333
0 0.359375 0.5833333333333334 0.05 0.06666666666666667
