0 0.73583984375 0.1686131386861314 0.0556640625 0.08321167883211679
0 0.06103515625 0.35255474452554747 0.0556640625 0.08321167883211679
0 0.90087890625 0.13211678832116788 0.0537109375 0.08029197080291971
0 0.16357421875 0.25328467153284673 0.0537109375 0.08029197080291971
0 0.044921875 0.24087591240875914 0.052734375 0.07883211678832117
0 0.9560546875 0.6437956204379562 0.052734375 0.07883211678832117
0 0.69677734375 0.9233576642335767 0.0517578125 0.07737226277372262
0 0.11865234375 0.0927007299270073 0.0517578125 0.07737226277372262
0 0.34033203125 0.335036496350365 0.0517578125 0.07737226277372262
0 0.51708984375 0.08978102189781022 0.0498046875 0.07445255474452554
