0 0.559375 0.7 0.05625 0.075
0 0.653125 0.8208333333333333 0.05625 0.075
0 0.471875 0.49375 0.05625 0.07083333333333333
0 0.4921875 0.66875 0.053125 0.07083333333333333
0 0.8984375 0.30625 0.053125 0.07083333333333333
0 0.5671875 0.9020833333333333 0.053125 0.07083333333333333
0 0.8984375 0.5395833333333333 0.053125 0.07083333333333333
0 0.6890625 0.7895833333333333 0.053125 0.07083333333333333
0 0.0515625 0.6020833333333333 0.053125 0.07083333333333333
0 0.0484375 0.56875 0.053125 0.07083333333333333
0 0.328125 0.49166666666666664 0.05 0.06666666666666667
