0 0.4453125 0.6979166666666666 0.059375 0.07916666666666666
0 0.1625 0.7541666666666667 0.05625 0.075
0 0.08125 0.22083333333333333 0.05625 0.075
0 0.9 0.2125 0.05625 0.075
0 0.2546875 0.46458333333333335 0.053125 0.07083333333333333
0 0.1671875 0.4270833333333333 0.053125 0.07083333333333333
0 0.4609375 0.14375 0.053125 0.07083333333333333
0 0.91875 0.4625 0.05 0.06666666666666667
0 0.940625 0.2833333333333333 0.05 0.06666666666666667
0 0.115625 0.32083333333333336 0.05 0.06666666666666667
0 0.3375 0.08333333333333333 0.05 0.06666666666666667
0 0.4625 0.9541666666666667 0.05 0.06666666666666667
