0 0.6296875 0.9145833333333333 0.059375 0.07916666666666666
0 0.4890625 0.90625 0.059375 0.07916666666666666
0 0.140625 0.42916666666666664 0.05625 0.075
0 0.6125 0.5583333333333333 0.05625 0.075
0 0.3765625 0.8479166666666667 0.053125 0.07083333333333333
0 0.3890625 0.8895833333333333 0.053125 0.07083333333333333
0 0.6171875 0.5354166666666667 0.053125 0.07083333333333333
0 0.9203125 0.47291666666666665 0.053125 0.07083333333333333
0 0.6484375 0.56875 0.053125 0.07083333333333333
0 0.4671875 0.6979166666666666 0.053125 0.07083333333333333
0 0.809375 0.6541666666666667 0.05 0.06666666666666667
0 0.5 0.8666666666666667 0.05 0.06666666666666667
