0 0.3453125 0.12291666666666666 0.059375 0.07916666666666666
0 0.0578125 0.3020833333333333 0.059375 0.07916666666666666
0 0.8703125 0.18541666666666667 0.059375 0.07916666666666666
0 0.8375 0.24583333333333332 0.05625 0.075
0 0.31875 0.6291666666666667 0.05625 0.075
0 0.5265625 0.5395833333333333 0.053125 0.07083333333333333
0 0.0703125 0.5229166666666667 0.053125 0.07083333333333333
0 0.3890625 0.33125 0.053125 0.07083333333333333
0 0.053125 0.1875 0.05 0.06666666666666667
0 0.6125 0.9166666666666666 0.05 0.06666666666666667
