0 0.846875 0.38333333333333336 0.05625 0.075
0 0.7875 0.9291666666666667 0.05625 0.075
0 0.609375 0.6291666666666667 0.05625 0.075
0 0.75 0.04583333333333333 0.05625 0.075
0 0.6171875 0.55625 0.053125 0.07083333333333333
0 0.4296875 0.5645833333333333 0.053125 0.07083333333333333
0 0.7546875 0.6645833333333333 0.053125 0.07083333333333333
0 0.6921875 0.7729166666666667 0.053125 0.07083333333333333
0 0.9671875 0.83125 0.053125 0.07083333333333333
0 0.028125 0.1375 0.05 0.06666666666666667
0 0.353125 0.5375 0.05 0.06666666666666667
0 0.86875 0.4895833333333333 0.05 0.0625
