0 0.953125 0.7875 0.05625 0.075
0 0.671875 0.42083333333333334 0.05625 0.075
0 0.225 0.22916666666666666 0.05625 0.075
0 0.321875 0.275 0.05625 0.075
0 0.371875 0.8708333333333333 0.05625 0.075
0 0.55 0.30416666666666664 0.05625 0.075
0 0.5515625 0.51875 0.053125 0.07083333333333333
0 0.2765625 0.13125 0.053125 0.07083333333333333
0 0.4015625 0.66875 0.053125 0.07083333333333333
0 0.040625 0.5791666666666667 0.05 0.06666666666666667
0 0.453125 0.6375 0.05 0.06666666666666667
0 0.5875 0.65 0.05 0.06666666666666667
