0 0.6015625 0.48125 0.059375 0.07916666666666666
0 0.246875 0.44583333333333336 0.05625 0.075
0 0.959375 0.39166666666666666 0.05625 0.075
0 0.659375 0.71875 0.05625 0.07083333333333333
0 0.8828125 0.95625 0.053125 0.07083333333333333
0 0.6390625 0.36875 0.053125 0.07083333333333333
0 0.0734375 0.69375 0.053125 0.07083333333333333
0 0.1578125 0.4479166666666667 0.053125 0.07083333333333333
0 0.3234375 0.8645833333333334 0.053125 0.07083333333333333
0 0.95 0.175 0.05 0.06666666666666667
0 0.478125 0.2708333333333333 0.05 0.06666666666666667
0 0.784375 0.43333333333333335 0.05 0.06666666666666667
