0 0.6890625 0.31666666666666665 0.059375 0.075
0 0.590625 0.7791666666666667 0.05625 0.075
0 0.159375 0.7625 0.05625 0.075
0 0.95 0.7125 0.05625 0.075
0 0.721875 0.7791666666666667 0.05625 0.075
0 0.7984375 0.90625 0.053125 0.07083333333333333
0 0.8484375 0.22708333333333333 0.053125 0.07083333333333333
0 0.1890625 0.10833333333333334 0.053125 0.06666666666666667
0 0.634375 0.9333333333333333 0.05 0.06666666666666667
0 0.025 0.7125 0.05 0.06666666666666667
0 0.778125 0.2 0.05 0.06666666666666667
