0 0.1140625 0.8354166666666667 0.059375 0.07916666666666666
0 0.5765625 0.18958333333333333 0.059375 0.07916666666666666
0 0.134375 0.65 0.05625 0.075
0 0.54375 0.8458333333333333 0.05625 0.075
0 0.1875 0.2875 0.05625 0.075
0 0.803125 0.7916666666666666 0.05625 0.075
0 0.5484375 0.4895833333333333 0.053125 0.07083333333333333
0 0.1421875 0.32708333333333334 0.053125 0.07083333333333333
0 0.6828125 0.052083333333333336 0.053125 0.07083333333333333
0 0.025 0.7416666666666667 0.05 0.06666666666666667
0 0.728125 0.37916666666666665 0.05 0.06666666666666667
0 0.95625 0.4354166666666667 0.05 0.0625
