0 0.128125 0.1375 0.05625 0.075
0 0.51875 0.2833333333333333 0.05625 0.075
0 0.321875 0.04375 0.05625 0.07083333333333333
0 0.1578125 0.7479166666666667 0.053125 0.07083333333333333
0 0.8828125 0.06875 0.053125 0.07083333333333333
0 0.3390625 0.15625 0.053125 0.07083333333333333
0 0.0765625 0.7479166666666667 0.053125 0.07083333333333333
0 0.9359375 0.49166666666666664 0.053125 0.06666666666666667
0 0.6625 0.8083333333333333 0.05 0.06666666666666667
0 0.321875 0.6625 0.05 0.06666666666666667
0 0.71875 0.4041666666666667 0.05 0.06666666666666667
