0 0.4833984375 0.5841874084919473 0.05859375 0.08784773060029283
0 0.8251953125 0.47144948755490484 0.056640625 0.0849194729136164
0 0.1025390625 0.6925329428989752 0.052734375 0.07906295754026355
0 0.85693359375 0.5512445095168375 0.0517578125 0.07759882869692533
0 0.68896484375 0.5446559297218155 0.0517578125 0.07613469985358712
0 0.7216796875 0.04685212298682284 0.05078125 0.07613469985358712
0 0.125 0.6471449487554904 0.05078125 0.07613469985358712
0 0.57421875 0.1683748169838946 0.05078125 0.07613469985358712
0 0.82568359375 0.34333821376281115 0.0498046875 0.0746705710102489
0 0.11181640625 0.25988286969253294 0.0498046875 0.0746705710102489
0 0.79736328125 0.3506588579795022 0.0498046875 0.0746705710102489
