0 0.33454545454545453 0.4098360655737705 0.05818181818181818 0.08743169398907104
0 0.6036363636363636 0.6666666666666666 0.05818181818181818 0.08743169398907104
0 0.5836363636363636 0.5519125683060109 0.05454545454545454 0.07650273224043716
0 0.56 0.7213114754098361 0.05090909090909091 0.07650273224043716
0 0.850909090909091 0.26229508196721313 0.05090909090909091 0.07650273224043716
0 0.08363636363636363 0.6065573770491803 0.05090909090909091 0.07650273224043716
0 0.2545454545454545 0.5409836065573771 0.05090909090909091 0.07650273224043716
0 0.5145454545454545 0.12295081967213115 0.04727272727272727 0.07103825136612021
0 0.6381818181818182 0.7459016393442623 0.04727272727272727 0.07103825136612021
0 0.35454545454545455 0.06830601092896176 0.04727272727272727 0.07103825136612021
