0 0.9019607843137255 0.16101694915254236 0.058823529411764705 0.1016949152542373
0 0.613562091503268 0.2584745762711864 0.05718954248366013 0.09887005649717515
0 0.8937908496732027 0.9378531073446328 0.05555555555555555 0.096045197740113
0 0.8562091503267973 0.4774011299435028 0.05555555555555555 0.096045197740113
0 0.5098039215686274 0.3771186440677966 0.05555555555555555 0.09322033898305085
0 0.8325163398692811 0.4562146892655367 0.05392156862745098 0.09322033898305085
0 0.8766339869281046 0.10310734463276836 0.05392156862745098 0.09322033898305085
0 0.22303921568627452 0.052259887005649715 0.05392156862745098 0.09322033898305085
0 0.5972222222222222 0.4915254237288136 0.05392156862745098 0.0903954802259887
0 0.9133986928104575 0.6977401129943502 0.05228758169934641 0.0903954802259887
0 0.8316993464052288 0.8192090395480226 0.05228758169934641 0.0903954802259887
0 0.8104575163398693 0.6751412429378532 0.05228758169934641 0.0903954802259887
