0 0.35130718954248363 0.3474576271186441 0.058823529411764705 0.1016949152542373
0 0.5098039215686274 0.7429378531073446 0.058823529411764705 0.1016949152542373
0 0.4485294117647059 0.8206214689265536 0.05718954248366013 0.09887005649717515
0 0.5841503267973857 0.6680790960451978 0.05718954248366013 0.09887005649717515
0 0.13970588235294118 0.4703389830508475 0.05718954248366013 0.09887005649717515
0 0.2777777777777778 0.943502824858757 0.05555555555555555 0.096045197740113
0 0.875 0.6822033898305084 0.05392156862745098 0.09322033898305085
0 0.4264705882352941 0.4096045197740113 0.05228758169934641 0.0903954802259887
0 0.5980392156862745 0.4830508474576271 0.05228758169934641 0.0903954802259887
0 0.8602941176470589 0.8177966101694916 0.05065359477124183 0.08757062146892655
0 0.8725490196078431 0.4915254237288136 0.049019607843137254 0.0847457627118644
