0 0.6176470588235294 0.8220338983050848 0.058823529411764705 0.1016949152542373
0 0.9558823529411765 0.3177966101694915 0.058823529411764705 0.09887005649717515
0 0.22875816993464052 0.5254237288135594 0.05555555555555555 0.096045197740113
0 0.38562091503267976 0.1384180790960452 0.05555555555555555 0.096045197740113
0 0.3415032679738562 0.5833333333333334 0.05555555555555555 0.09322033898305085
0 0.75 0.8997175141242938 0.05555555555555555 0.09322033898305085
0 0.8513071895424836 0.4435028248587571 0.05228758169934641 0.0903954802259887
0 0.22712418300653595 0.8926553672316384 0.05228758169934641 0.0903954802259887
0 0.17320261437908496 0.5056497175141242 0.05228758169934641 0.0903954802259887
0 0.23366013071895425 0.6977401129943502 0.049019607843137254 0.0847457627118644
