0 0.14215686274509803 0.4435028248587571 0.058823529411764705 0.1016949152542373
0 0.4852941176470588 0.5084745762711864 0.058823529411764705 0.1016949152542373
0 0.11601307189542484 0.6073446327683616 0.058823529411764705 0.1016949152542373
0 0.6356209150326797 0.0847457627118644 0.058823529411764705 0.1016949152542373
0 0.6078431372549019 0.5536723163841808 0.05555555555555555 0.096045197740113
0 0.26143790849673204 0.08898305084745763 0.05228758169934641 0.08757062146892655
0 0.9191176470588235 0.557909604519774 0.05065359477124183 0.08757062146892655
0 0.3276143790849673 0.3375706214689266 0.05065359477124183 0.08757062146892655
0 0.13970588235294118 0.10028248587570622 0.05065359477124183 0.08757062146892655
0 0.4305555555555556 0.5225988700564972 0.05065359477124183 0.0847457627118644
