0 0.08056640625 0.9077598828696926 0.0595703125 0.09077598828696926
0 0.14697265625 0.6844802342606149 0.0595703125 0.08931185944363104
0 0.81591796875 0.40043923865300146 0.0576171875 0.08638360175695461
0 0.27685546875 0.5937042459736457 0.0576171875 0.08638360175695461
0 0.06787109375 0.2525622254758419 0.0576171875 0.08638360175695461
0 0.9013671875 0.5109809663250366 0.056640625 0.0849194729136164
0 0.9267578125 0.8301610541727672 0.0546875 0.08199121522693997
0 0.84521484375 0.050512445095168376 0.0537109375 0.08052708638360176
0 0.4794921875 0.4289897510980966 0.052734375 0.07906295754026355
0 0.0927734375 0.9546120058565154 0.05078125 0.07613469985358712
0 0.93310546875 0.4062957540263543 0.0498046875 0.0746705710102489
0 0.46044921875 0.773792093704246 0.0498046875 0.0746705710102489
