0 0.9640522875816994 0.3757062146892655 0.058823529411764705 0.1016949152542373
0 0.7924836601307189 0.519774011299435 0.058823529411764705 0.1016949152542373
0 0.3709150326797386 0.8757062146892656 0.058823529411764705 0.1016949152542373
0 0.40604575163398693 0.8799435028248588 0.05718954248366013 0.09887005649717515
0 0.20179738562091504 0.481638418079096 0.05718954248366013 0.09887005649717515
0 0.42401960784313725 0.3206214689265537 0.05718954248366013 0.09887005649717515
0 0.2369281045751634 0.24293785310734464 0.05555555555555555 0.096045197740113
0 0.821078431372549 0.4307909604519774 0.05392156862745098 0.09322033898305085
0 0.37336601307189543 0.346045197740113 0.05392156862745098 0.09322033898305085
0 0.32598039215686275 0.3220338983050847 0.05392156862745098 0.0903954802259887
0 0.47630718954248363 0.617231638418079 0.05065359477124183 0.08757062146892655
0 0.7352941176470589 0.7655367231638418 0.049019607843137254 0.0847457627118644
