0 0.36437908496732024 0.327683615819209 0.058823529411764705 0.1016949152542373
0 0.1437908496732026 0.1016949152542373 0.058823529411764705 0.1016949152542373
0 0.1977124183006536 0.24293785310734464 0.058823529411764705 0.1016949152542373
0 0.7320261437908496 0.4576271186440678 0.058823529411764705 0.1016949152542373
0 0.7924836601307189 0.7598870056497176 0.05555555555555555 0.096045197740113
0 0.1772875816993464 0.902542372881356 0.05065359477124183 0.08757062146892655
0 0.8423202614379085 0.5833333333333334 0.05065359477124183 0.08757062146892655
0 0.049836601307189546 0.6257062146892656 0.05065359477124183 0.08757062146892655
0 0.39624183006535946 0.05790960451977401 0.05065359477124183 0.08757062146892655
0 0.2638888888888889 0.6002824858757062 0.05065359477124183 0.08757062146892655
