0 0.46078431372549017 0.9293785310734464 0.058823529411764705 0.1016949152542373
0 0.7450980392156863 0.12146892655367232 0.058823529411764705 0.1016949152542373
0 0.3276143790849673 0.3418079096045198 0.05718954248366013 0.096045197740113
0 0.7140522875816994 0.4293785310734463 0.05555555555555555 0.096045197740113
0 0.7720588235294118 0.8290960451977402 0.05392156862745098 0.09322033898305085
0 0.744281045751634 0.942090395480226 0.05392156862745098 0.09322033898305085
0 0.45669934640522875 0.0748587570621469 0.05392156862745098 0.09322033898305085
0 0.7998366013071896 0.8912429378531074 0.05392156862745098 0.09322033898305085
0 0.5735294117647058 0.17231638418079095 0.05228758169934641 0.0903954802259887
0 0.7467320261437909 0.7033898305084746 0.049019607843137254 0.0847457627118644
