0 0.07107843137254902 0.5240112994350282 0.05718954248366013 0.09887005649717515
0 0.47794117647058826 0.769774011299435 0.05718954248366013 0.09887005649717515
0 0.7622549019607843 0.634180790960452 0.05718954248366013 0.09887005649717515
0 0.3472222222222222 0.23728813559322035 0.05718954248366013 0.096045197740113
0 0.8937908496732027 0.21468926553672316 0.05555555555555555 0.096045197740113
0 0.8145424836601307 0.826271186440678 0.05392156862745098 0.09322033898305085
0 0.5220588235294118 0.05790960451977401 0.05392156862745098 0.09322033898305085
0 0.5759803921568627 0.23587570621468926 0.05065359477124183 0.08757062146892655
0 0.2295751633986928 0.4505649717514124 0.05065359477124183 0.08757062146892655
0 0.8161764705882353 0.8375706214689266 0.05065359477124183 0.08757062146892655
0 0.5498366013071896 0.5127118644067796 0.05065359477124183 0.08757062146892655
