0 0.5522875816993464 0.6807909604519774 0.058823529411764705 0.1016949152542373
0 0.7679738562091504 0.4632768361581921 0.058823529411764705 0.1016949152542373
0 0.43709150326797386 0.4251412429378531 0.05718954248366013 0.09887005649717515
0 0.23774509803921567 0.713276836158192 0.05718954248366013 0.09887005649717515
0 0.9436274509803921 0.6115819209039548 0.05718954248366013 0.09887005649717515
0 0.7851307189542484 0.3926553672316384 0.05392156862745098 0.0903954802259887
0 0.2679738562091503 0.7401129943502824 0.05228758169934641 0.0903954802259887
0 0.1919934640522876 0.3516949152542373 0.05065359477124183 0.08757062146892655
0 0.5187908496732027 0.1864406779661017 0.05065359477124183 0.0847457627118644
0 0.4616013071895425 0.288135593220339 0.05065359477124183 0.0847457627118644
