0 0.8954248366013072 0.5056497175141242 0.058823529411764705 0.1016949152542373
0 0.30392156862745096 0.3305084745762712 0.058823529411764705 0.1016949152542373
0 0.636437908496732 0.6963276836158192 0.05718954248366013 0.09887005649717515
0 0.9174836601307189 0.7528248587570622 0.05718954248366013 0.09887005649717515
0 0.4812091503267974 0.7951977401129944 0.05718954248366013 0.09887005649717515
0 0.16258169934640523 0.08050847457627118 0.05718954248366013 0.09887005649717515
0 0.8349673202614379 0.4830508474576271 0.05555555555555555 0.096045197740113
0 0.1830065359477124 0.6016949152542372 0.05555555555555555 0.096045197740113
0 0.6176470588235294 0.6045197740112994 0.05555555555555555 0.096045197740113
0 0.28431372549019607 0.4604519774011299 0.05228758169934641 0.0903954802259887
0 0.19362745098039216 0.5918079096045198 0.05065359477124183 0.08757062146892655
