0 0.875 0.0692090395480226 0.05718954248366013 0.09887005649717515
0 0.3194444444444444 0.1483050847457627 0.05718954248366013 0.09887005649717515
0 0.29820261437908496 0.6412429378531074 0.05718954248366013 0.096045197740113
0 0.07598039215686274 0.7853107344632768 0.05718954248366013 0.096045197740113
0 0.5081699346405228 0.596045197740113 0.05555555555555555 0.096045197740113
0 0.1772875816993464 0.12570621468926554 0.05392156862745098 0.09322033898305085
0 0.10049019607843138 0.14548022598870056 0.05392156862745098 0.09322033898305085
0 0.34068627450980393 0.6511299435028248 0.05392156862745098 0.09322033898305085
0 0.10294117647058823 0.7740112994350282 0.05228758169934641 0.0903954802259887
0 0.17401960784313725 0.9138418079096046 0.05065359477124183 0.08757062146892655
0 0.8194444444444444 0.04943502824858757 0.05065359477124183 0.08757062146892655
0 0.19852941176470587 0.4759887005649718 0.05065359477124183 0.08757062146892655
