0 0.05800653594771242 0.13983050847457626 0.05718954248366013 0.09887005649717515
0 0.20179738562091504 0.1765536723163842 0.05718954248366013 0.09887005649717515
0 0.5212418300653595 0.20056497175141244 0.05555555555555555 0.096045197740113
0 0.505718954248366 0.2274011299435028 0.05392156862745098 0.09322033898305085
0 0.45179738562091504 0.6483050847457628 0.05392156862745098 0.09322033898305085
0 0.9166666666666666 0.4661016949152542 0.05228758169934641 0.0903954802259887
0 0.9722222222222222 0.9209039548022598 0.05228758169934641 0.0903954802259887
0 0.8202614379084967 0.807909604519774 0.05228758169934641 0.0903954802259887
0 0.3300653594771242 0.3375706214689266 0.05228758169934641 0.08757062146892655
0 0.3946078431372549 0.2782485875706215 0.05065359477124183 0.08757062146892655
0 0.22630718954248366 0.9194915254237288 0.05065359477124183 0.08757062146892655
