0 0.5326797385620915 0.9322033898305084 0.058823529411764705 0.1016949152542373
0 0.5049019607843137 0.2994350282485876 0.058823529411764705 0.1016949152542373
0 0.8537581699346405 0.6087570621468926 0.05718954248366013 0.09887005649717515
0 0.22712418300653595 0.672316384180791 0.05555555555555555 0.096045197740113
0 0.8161764705882353 0.3516949152542373 0.05392156862745098 0.09322033898305085
0 0.8145424836601307 0.16242937853107345 0.05392156862745098 0.09322033898305085
0 0.12173202614379085 0.9392655367231638 0.05392156862745098 0.09322033898305085
0 0.8594771241830066 0.15254237288135594 0.05228758169934641 0.0903954802259887
0 0.3161764705882353 0.673728813559322 0.05065359477124183 0.08757062146892655
0 0.1830065359477124 0.7740112994350282 0.049019607843137254 0.0847457627118644
0 0.4362745098039216 0.2937853107344633 0.049019607843137254 0.0847457627118644
