0 0.3888888888888889 0.6977401129943502 0.058823529411764705 0.1016949152542373
0 0.07107843137254902 0.2330508474576271 0.05718954248366013 0.09887005649717515
0 0.8627450980392157 0.711864406779661 0.05555555555555555 0.096045197740113
0 0.3366013071895425 0.2796610169491525 0.05555555555555555 0.096045197740113
0 0.9035947712418301 0.2711864406779661 0.05555555555555555 0.096045197740113
0 0.8619281045751634 0.9194915254237288 0.05392156862745098 0.09322033898305085
0 0.05310457516339869 0.7782485875706214 0.05392156862745098 0.09322033898305085
0 0.1650326797385621 0.059322033898305086 0.05228758169934641 0.0903954802259887
0 0.7524509803921569 0.6624293785310734 0.05065359477124183 0.08757062146892655
0 0.04820261437908497 0.19350282485875706 0.05065359477124183 0.08757062146892655
