0 0.6274509803921569 0.096045197740113 0.058823529411764705 0.1016949152542373
0 0.04738562091503268 0.6299435028248588 0.058823529411764705 0.1016949152542373
0 0.41013071895424835 0.4124293785310734 0.05555555555555555 0.096045197740113
0 0.08333333333333333 0.06497175141242938 0.05555555555555555 0.096045197740113
0 0.7189542483660131 0.06779661016949153 0.05555555555555555 0.096045197740113
0 0.8619281045751634 0.5918079096045198 0.05392156862745098 0.09322033898305085
0 0.16176470588235295 0.24293785310734464 0.05228758169934641 0.0903954802259887
0 0.7769607843137255 0.5268361581920904 0.05065359477124183 0.08757062146892655
0 0.4681372549019608 0.6031073446327684 0.05065359477124183 0.08757062146892655
0 0.5228758169934641 0.2175141242937853 0.049019607843137254 0.0847457627118644
