0 0.6633986928104575 0.288135593220339 0.058823529411764705 0.1016949152542373
0 0.8169934640522876 0.7824858757062146 0.058823529411764705 0.1016949152542373
0 0.9583333333333334 0.1850282485875706 0.05718954248366013 0.09887005649717515
0 0.8888888888888888 0.536723163841808 0.05555555555555555 0.096045197740113
0 0.08986928104575163 0.3093220338983051 0.05555555555555555 0.09322033898305085
0 0.6446078431372549 0.7782485875706214 0.05392156862745098 0.09322033898305085
0 0.4019607843137255 0.885593220338983 0.05228758169934641 0.08757062146892655
0 0.7753267973856209 0.22175141242937854 0.05065359477124183 0.08757062146892655
0 0.951797385620915 0.9505649717514124 0.05065359477124183 0.08757062146892655
0 0.0988562091503268 0.6892655367231638 0.05065359477124183 0.0847457627118644
0 0.23039215686274508 0.4435028248587571 0.049019607843137254 0.0847457627118644
