0 0.8602941176470589 0.2132768361581921 0.05718954248366013 0.09887005649717515
0 0.5923202614379085 0.2245762711864407 0.05718954248366013 0.09887005649717515
0 0.07516339869281045 0.9209039548022598 0.05555555555555555 0.096045197740113
0 0.4354575163398693 0.693502824858757 0.05392156862745098 0.09322033898305085
0 0.9624183006535948 0.4830508474576271 0.05228758169934641 0.0903954802259887
0 0.1323529411764706 0.11016949152542373 0.05228758169934641 0.0903954802259887
0 0.5220588235294118 0.4138418079096045 0.05065359477124183 0.08757062146892655
0 0.30800653594771243 0.4081920903954802 0.05065359477124183 0.08757062146892655
0 0.15931372549019607 0.5324858757062146 0.05065359477124183 0.08757062146892655
0 0.3194444444444444 0.3206214689265537 0.05065359477124183 0.08757062146892655
0 0.49754901960784315 0.134180790960452 0.05065359477124183 0.08757062146892655
