0 0.6993464052287581 0.6271186440677966 0.058823529411764705 0.1016949152542373
0 0.505718954248366 0.8968926553672316 0.05718954248366013 0.09887005649717515
0 0.8325163398692811 0.1440677966101695 0.05718954248366013 0.096045197740113
0 0.6830065359477124 0.4604519774011299 0.05555555555555555 0.096045197740113
0 0.5735294117647058 0.1440677966101695 0.05555555555555555 0.096045197740113
0 0.5588235294117647 0.6581920903954802 0.05555555555555555 0.096045197740113
0 0.2508169934640523 0.1115819209039548 0.05392156862745098 0.09322033898305085
0 0.7491830065359477 0.07203389830508475 0.05392156862745098 0.09322033898305085
0 0.37745098039215685 0.3785310734463277 0.05228758169934641 0.0903954802259887
0 0.3888888888888889 0.8983050847457628 0.05228758169934641 0.0903954802259887
0 0.6168300653594772 0.6652542372881356 0.05065359477124183 0.08757062146892655
0 0.8668300653594772 0.7471751412429378 0.05065359477124183 0.08757062146892655
