0 0.6911764705882353 0.7288135593220338 0.058823529411764705 0.1016949152542373
0 0.8415032679738562 0.7598870056497176 0.058823529411764705 0.1016949152542373
0 0.6454248366013072 0.5790960451977402 0.058823529411764705 0.1016949152542373
0 0.46486928104575165 0.09745762711864407 0.05718954248366013 0.09887005649717515
0 0.6348039215686274 0.7782485875706214 0.05718954248366013 0.09887005649717515
0 0.7189542483660131 0.1864406779661017 0.05555555555555555 0.096045197740113
0 0.3954248366013072 0.4011299435028249 0.05228758169934641 0.0903954802259887
0 0.39705882352941174 0.6468926553672316 0.05228758169934641 0.0903954802259887
0 0.9003267973856209 0.751412429378531 0.05228758169934641 0.0903954802259887
0 0.3014705882352941 0.78954802259887 0.05065359477124183 0.08757062146892655
0 0.06454248366013073 0.1850282485875706 0.05065359477124183 0.08757062146892655
0 0.6405228758169934 0.1652542372881356 0.049019607843137254 0.08192090395480225
