0 0.8398692810457516 0.2344632768361582 0.058823529411764705 0.1016949152542373
0 0.3415032679738562 0.3587570621468927 0.058823529411764705 0.1016949152542373
0 0.38235294117647056 0.5028248587570622 0.058823529411764705 0.1016949152542373
0 0.0661764705882353 0.6822033898305084 0.05718954248366013 0.09887005649717515
0 0.2361111111111111 0.3686440677966102 0.05718954248366013 0.09887005649717515
0 0.16748366013071894 0.5437853107344632 0.05718954248366013 0.09887005649717515
0 0.19117647058823528 0.3672316384180791 0.05555555555555555 0.096045197740113
0 0.3235294117647059 0.096045197740113 0.05555555555555555 0.096045197740113
0 0.08823529411764706 0.6242937853107344 0.05228758169934641 0.0903954802259887
0 0.45016339869281047 0.4788135593220339 0.05065359477124183 0.08757062146892655
0 0.8839869281045751 0.22598870056497175 0.049019607843137254 0.0847457627118644
