0 0.730909090909091 0.7704918032786885 0.05818181818181818 0.08743169398907104
0 0.7418181818181818 0.7814207650273224 0.05818181818181818 0.08743169398907104
0 0.38181818181818183 0.8032786885245902 0.05818181818181818 0.08743169398907104
0 0.4636363636363636 0.16120218579234974 0.05454545454545454 0.08196721311475409
0 0.46 0.9043715846994536 0.05454545454545454 0.08196721311475409
0 0.3109090909090909 0.680327868852459 0.05454545454545454 0.08196721311475409
0 0.9709090909090909 0.6830601092896175 0.05090909090909091 0.07650273224043716
0 0.24 0.9590163934426229 0.05090909090909091 0.07103825136612021
0 0.9563636363636364 0.7076502732240437 0.05090909090909091 0.07103825136612021
0 0.5472727272727272 0.5437158469945356 0.04727272727272727 0.07103825136612021
