0 0.755859375 0.3923512747875354 0.05859375 0.1671388101983003
0 0.77197265625 0.37535410764872523 0.0576171875 0.1671388101983003
0 0.63671875 0.6628895184135978 0.056640625 0.1643059490084986
0 0.1318359375 0.4631728045325779 0.056640625 0.16147308781869688
0 0.423828125 0.12181303116147309 0.0546875 0.15864022662889518
0 0.78076171875 0.14305949008498584 0.0537109375 0.1558073654390935
0 0.58349609375 0.8781869688385269 0.0537109375 0.1529745042492918
0 0.60546875 0.5835694050991501 0.052734375 0.1529745042492918
0 0.2333984375 0.4475920679886686 0.052734375 0.1529745042492918
0 0.9013671875 0.40226628895184136 0.052734375 0.1529745042492918
0 0.19482421875 0.10623229461756374 0.0517578125 0.1501416430594901
0 0.630859375 0.9036827195467422 0.05078125 0.14730878186968838
