0 0.9527272727272728 0.5136612021857924 0.05818181818181818 0.08743169398907104
0 0.6836363636363636 0.4098360655737705 0.05818181818181818 0.08743169398907104
0 0.4763636363636364 0.6721311475409836 0.05818181818181818 0.08743169398907104
0 0.3181818181818182 0.7513661202185792 0.05454545454545454 0.08196721311475409
0 0.39454545454545453 0.05737704918032787 0.05454545454545454 0.08196721311475409
0 0.0890909090909091 0.8497267759562842 0.05454545454545454 0.08196721311475409
0 0.5218181818181818 0.23224043715846995 0.05454545454545454 0.08196721311475409
0 0.27454545454545454 0.3360655737704918 0.05454545454545454 0.08196721311475409
0 0.34545454545454546 0.912568306010929 0.05090909090909091 0.07650273224043716
0 0.21454545454545454 0.20218579234972678 0.05090909090909091 0.07650273224043716
0 0.44 0.2185792349726776 0.05090909090909091 0.07650273224043716
0 0.7727272727272727 0.773224043715847 0.04727272727272727 0.07103825136612021
