0 0.31272727272727274 0.14754098360655737 0.05818181818181818 0.08743169398907104
0 0.7 0.5765027322404371 0.05454545454545454 0.08196721311475409
0 0.3836363636363636 0.8770491803278688 0.05454545454545454 0.08196721311475409
0 0.889090909090909 0.6693989071038251 0.05454545454545454 0.08196721311475409
0 0.94 0.319672131147541 0.05454545454545454 0.08196721311475409
0 0.045454545454545456 0.6530054644808743 0.05454545454545454 0.08196721311475409
0 0.4527272727272727 0.9398907103825137 0.05454545454545454 0.07650273224043716
0 0.7709090909090909 0.15300546448087432 0.05090909090909091 0.07650273224043716
0 0.610909090909091 0.6010928961748634 0.05090909090909091 0.07650273224043716
0 0.6 0.18579234972677597 0.05090909090909091 0.07650273224043716
0 0.3890909090909091 0.46994535519125685 0.05090909090909091 0.07650273224043716
0 0.6 0.7158469945355191 0.05090909090909091 0.07650273224043716
