0 0.5392156862745098 0.44607843137254904 0.058823529411764705 0.11437908496732026
0 0.7377450980392157 0.37745098039215685 0.05718954248366013 0.11437908496732026
0 0.8406862745098039 0.5424836601307189 0.05718954248366013 0.1111111111111111
0 0.630718954248366 0.31699346405228757 0.05555555555555555 0.1111111111111111
0 0.029411764705882353 0.25163398692810457 0.05555555555555555 0.1111111111111111
0 0.13071895424836602 0.8447712418300654 0.05555555555555555 0.10784313725490197
0 0.8031045751633987 0.2957516339869281 0.05392156862745098 0.10784313725490197
0 0.18137254901960784 0.8235294117647058 0.05228758169934641 0.10457516339869281
0 0.7728758169934641 0.26143790849673204 0.05228758169934641 0.10457516339869281
0 0.6683006535947712 0.8137254901960784 0.049019607843137254 0.09803921568627451
0 0.6290849673202614 0.23202614379084968 0.049019607843137254 0.09803921568627451
