0 0.38181818181818183 0.5245901639344263 0.05818181818181818 0.08743169398907104
0 0.8472727272727273 0.07103825136612021 0.05818181818181818 0.08743169398907104
0 0.6381818181818182 0.07377049180327869 0.05454545454545454 0.08196721311475409
0 0.3654545454545455 0.855191256830601 0.05454545454545454 0.08196721311475409
0 0.76 0.5245901639344263 0.05090909090909091 0.07650273224043716
0 0.7818181818181819 0.29508196721311475 0.05090909090909091 0.07650273224043716
0 0.6472727272727272 0.5081967213114754 0.05090909090909091 0.07650273224043716
0 0.36363636363636365 0.1092896174863388 0.05090909090909091 0.07650273224043716
0 0.8309090909090909 0.9316939890710383 0.04727272727272727 0.07103825136612021
0 0.5945454545454546 0.06830601092896176 0.04727272727272727 0.07103825136612021
0 0.14363636363636365 0.6530054644808743 0.04727272727272727 0.07103825136612021
