0 0.3709090909090909 0.30601092896174864 0.05818181818181818 0.08743169398907104
0 0.8381818181818181 0.592896174863388 0.05454545454545454 0.08196721311475409
0 0.3509090909090909 0.5655737704918032 0.05454545454545454 0.08196721311475409
0 0.6527272727272727 0.09562841530054644 0.05454545454545454 0.08196721311475409
0 0.5290909090909091 0.592896174863388 0.05454545454545454 0.08196721311475409
0 0.7345454545454545 0.25136612021857924 0.05090909090909091 0.07650273224043716
0 0.06181818181818182 0.726775956284153 0.05090909090909091 0.07650273224043716
0 0.08727272727272728 0.7814207650273224 0.05090909090909091 0.07650273224043716
0 0.5127272727272727 0.4644808743169399 0.05090909090909091 0.07650273224043716
0 0.056363636363636366 0.7240437158469946 0.04727272727272727 0.07103825136612021
