0 0.57578125 0.2728337236533958 0.0578125 0.08665105386416862
0 0.865625 0.702576112412178 0.05625 0.08430913348946135
0 0.72578125 0.8372365339578455 0.0546875 0.08196721311475409
0 0.29296875 0.1885245901639344 0.0546875 0.08196721311475409
0 0.84296875 0.05035128805620609 0.0546875 0.08196721311475409
0 0.571875 0.3700234192037471 0.053125 0.07962529274004684
0 0.11484375 0.148711943793911 0.0515625 0.07728337236533958
0 0.728125 0.38173302107728335 0.05 0.07494145199063232
0 0.909375 0.5081967213114754 0.05 0.07494145199063232
0 0.034375 0.8899297423887588 0.05 0.07494145199063232
