0 0.6225490196078431 0.2955801104972376 0.058823529411764705 0.09944751381215469
0 0.3700980392156863 0.26933701657458564 0.05718954248366013 0.09668508287292818
0 0.744281045751634 0.08977900552486189 0.05718954248366013 0.09668508287292818
0 0.7655228758169934 0.9323204419889503 0.05718954248366013 0.09668508287292818
0 0.1707516339869281 0.1781767955801105 0.05718954248366013 0.09668508287292818
0 0.4795751633986928 0.42955801104972374 0.05718954248366013 0.09668508287292818
0 0.20098039215686275 0.20441988950276244 0.05228758169934641 0.08839779005524862
0 0.5147058823529411 0.8839779005524862 0.05228758169934641 0.08839779005524862
0 0.6266339869281046 0.3687845303867403 0.05065359477124183 0.0856353591160221
0 0.8954248366013072 0.38950276243093923 0.049019607843137254 0.08287292817679558
0 0.4444444444444444 0.56353591160221 0.049019607843137254 0.08287292817679558
