0 0.7165032679738562 0.27486187845303867 0.05718954248366013 0.09668508287292818
0 0.9330065359477124 0.8729281767955801 0.05555555555555555 0.09392265193370165
0 0.625 0.062154696132596686 0.05392156862745098 0.09116022099447514
0 0.8423202614379085 0.8908839779005525 0.05392156862745098 0.09116022099447514
0 0.48856209150326796 0.7928176795580111 0.05228758169934641 0.08839779005524862
0 0.6372549019607843 0.8121546961325967 0.05228758169934641 0.08839779005524862
0 0.19934640522875818 0.1298342541436464 0.05228758169934641 0.08839779005524862
0 0.9558823529411765 0.3356353591160221 0.05228758169934641 0.0856353591160221
0 0.14460784313725492 0.5345303867403315 0.05065359477124183 0.0856353591160221
0 0.40931372549019607 0.6339779005524862 0.05065359477124183 0.0856353591160221
0 0.4444444444444444 0.9116022099447514 0.049019607843137254 0.08287292817679558
0 0.619281045751634 0.7679558011049724 0.049019607843137254 0.08287292817679558
