0 0.7401960784313726 0.8591160220994475 0.058823529411764705 0.09944751381215469
0 0.15604575163398693 0.4903314917127072 0.05718954248366013 0.09668508287292818
0 0.3709150326797386 0.27900552486187846 0.05555555555555555 0.09392265193370165
0 0.5898692810457516 0.39502762430939226 0.05555555555555555 0.09392265193370165
0 0.7785947712418301 0.9074585635359116 0.05392156862745098 0.09116022099447514
0 0.9003267973856209 0.36464088397790057 0.05228758169934641 0.08839779005524862
0 0.7075163398692811 0.5718232044198895 0.05228758169934641 0.08839779005524862
0 0.13725490196078433 0.06353591160220995 0.05228758169934641 0.08839779005524862
0 0.3480392156862745 0.9171270718232044 0.049019607843137254 0.08287292817679558
0 0.6535947712418301 0.058011049723756904 0.049019607843137254 0.08287292817679558
