0 0.19607843137254902 0.2430939226519337 0.05555555555555555 0.09392265193370165
0 0.9550653594771242 0.26933701657458564 0.05392156862745098 0.09116022099447514
0 0.7883986928104575 0.8549723756906077 0.05392156862745098 0.09116022099447514
0 0.5776143790849673 0.738950276243094 0.05392156862745098 0.09116022099447514
0 0.1576797385620915 0.5566298342541437 0.05392156862745098 0.09116022099447514
0 0.4150326797385621 0.3784530386740331 0.05228758169934641 0.08839779005524862
0 0.05228758169934641 0.8756906077348067 0.05228758169934641 0.08839779005524862
0 0.9313725490196079 0.6270718232044199 0.05228758169934641 0.08839779005524862
0 0.19281045751633988 0.2541436464088398 0.05228758169934641 0.08839779005524862
0 0.8513071895424836 0.30662983425414364 0.05228758169934641 0.08839779005524862
0 0.9419934640522876 0.3825966850828729 0.05065359477124183 0.0856353591160221
0 0.8553921568627451 0.5759668508287292 0.05065359477124183 0.0856353591160221
