0 0.32516339869281047 0.7182320441988951 0.058823529411764705 0.09944751381215469
0 0.7230392156862745 0.08149171270718232 0.05718954248366013 0.09668508287292818
0 0.26552287581699346 0.04834254143646409 0.05718954248366013 0.09668508287292818
0 0.9223856209150327 0.8522099447513812 0.05392156862745098 0.09116022099447514
0 0.8243464052287581 0.0787292817679558 0.05392156862745098 0.09116022099447514
0 0.25163398692810457 0.281767955801105 0.05228758169934641 0.08839779005524862
0 0.8406862745098039 0.0649171270718232 0.05065359477124183 0.0856353591160221
0 0.951797385620915 0.2638121546961326 0.05065359477124183 0.0856353591160221
0 0.28594771241830064 0.787292817679558 0.049019607843137254 0.08287292817679558
0 0.5424836601307189 0.9033149171270718 0.049019607843137254 0.08287292817679558
