0 0.26552287581699346 0.35497237569060774 0.05718954248366013 0.09668508287292818
0 0.9648692810457516 0.3494475138121547 0.05718954248366013 0.09668508287292818
0 0.6184640522875817 0.42679558011049723 0.05718954248366013 0.09668508287292818
0 0.9150326797385621 0.6408839779005525 0.05555555555555555 0.09392265193370165
0 0.3888888888888889 0.26795580110497236 0.05555555555555555 0.09392265193370165
0 0.041666666666666664 0.2941988950276243 0.05392156862745098 0.09116022099447514
0 0.43709150326797386 0.48480662983425415 0.05392156862745098 0.09116022099447514
0 0.4011437908496732 0.5649171270718232 0.05392156862745098 0.09116022099447514
0 0.630718954248366 0.7209944751381215 0.05228758169934641 0.08839779005524862
0 0.8218954248366013 0.5497237569060773 0.05228758169934641 0.08839779005524862
0 0.6021241830065359 0.7914364640883977 0.05065359477124183 0.0856353591160221
