0 0.7156862745098039 0.48066298342541436 0.058823529411764705 0.09944751381215469
0 0.7295751633986928 0.5649171270718232 0.05718954248366013 0.09668508287292818
0 0.03022875816993464 0.5151933701657458 0.05718954248366013 0.09668508287292818
0 0.06454248366013073 0.20027624309392264 0.05718954248366013 0.09668508287292818
0 0.39133986928104575 0.4046961325966851 0.05718954248366013 0.09668508287292818
0 0.16176470588235295 0.5276243093922652 0.05555555555555555 0.09392265193370165
0 0.9215686274509803 0.8522099447513812 0.05555555555555555 0.09116022099447514
0 0.255718954248366 0.7002762430939227 0.05392156862745098 0.09116022099447514
0 0.6756535947712419 0.9157458563535912 0.05065359477124183 0.0856353591160221
0 0.12581699346405228 0.5248618784530387 0.049019607843137254 0.08287292817679558
0 0.9558823529411765 0.04696132596685083 0.049019607843137254 0.08287292817679558
