0 0.3480392156862745 0.2513812154696133 0.058823529411764705 0.09944751381215469
0 0.8848039215686274 0.17265193370165746 0.05718954248366013 0.09668508287292818
0 0.6544117647058824 0.8715469613259669 0.05718954248366013 0.09668508287292818
0 0.7238562091503268 0.8287292817679558 0.05555555555555555 0.09392265193370165
0 0.2647058823529412 0.11464088397790055 0.05555555555555555 0.09116022099447514
0 0.5040849673202614 0.2886740331491713 0.05392156862745098 0.09116022099447514
0 0.9223856209150327 0.48342541436464087 0.05392156862745098 0.08839779005524862
0 0.8202614379084967 0.46408839779005523 0.05228758169934641 0.08839779005524862
0 0.4166666666666667 0.8453038674033149 0.05228758169934641 0.08839779005524862
0 0.2834967320261438 0.9019337016574586 0.05065359477124183 0.0856353591160221
