0 0.3382352941176471 0.5939226519337016 0.058823529411764705 0.09944751381215469
0 0.9354575163398693 0.9516574585635359 0.05718954248366013 0.09668508287292818
0 0.636437908496732 0.9185082872928176 0.05718954248366013 0.09668508287292818
0 0.2777777777777778 0.4696132596685083 0.05555555555555555 0.09392265193370165
0 0.7173202614379085 0.08839779005524862 0.05555555555555555 0.09392265193370165
0 0.2957516339869281 0.5082872928176796 0.05555555555555555 0.09392265193370165
0 0.559640522875817 0.744475138121547 0.05392156862745098 0.09116022099447514
0 0.477124183006536 0.06629834254143646 0.05228758169934641 0.08839779005524862
0 0.6348039215686274 0.9544198895027625 0.05065359477124183 0.0856353591160221
0 0.5694444444444444 0.8383977900552486 0.05065359477124183 0.0856353591160221
