0 0.6584967320261438 0.6574585635359116 0.058823529411764705 0.09944751381215469
0 0.2704248366013072 0.1671270718232044 0.05718954248366013 0.09668508287292818
0 0.6895424836601307 0.861878453038674 0.05555555555555555 0.09392265193370165
0 0.03022875816993464 0.43784530386740333 0.05392156862745098 0.09116022099447514
0 0.5089869281045751 0.9323204419889503 0.05392156862745098 0.09116022099447514
0 0.25245098039215685 0.2085635359116022 0.05392156862745098 0.09116022099447514
0 0.11437908496732026 0.24585635359116023 0.05228758169934641 0.08839779005524862
0 0.7990196078431373 0.738950276243094 0.05228758169934641 0.0856353591160221
0 0.3488562091503268 0.6367403314917127 0.05065359477124183 0.0856353591160221
0 0.03758169934640523 0.9392265193370166 0.049019607843137254 0.08287292817679558
0 0.7990196078431373 0.6022099447513812 0.049019607843137254 0.08287292817679558
