0 0.8774509803921569 0.7790055248618785 0.058823529411764705 0.09944751381215469
0 0.8660130718954249 0.16022099447513813 0.058823529411764705 0.09944751381215469
0 0.3161764705882353 0.7417127071823204 0.05718954248366013 0.09668508287292818
0 0.22630718954248366 0.19475138121546962 0.05718954248366013 0.09668508287292818
0 0.22875816993464052 0.7928176795580111 0.05555555555555555 0.09392265193370165
0 0.7581699346405228 0.8895027624309392 0.05555555555555555 0.09392265193370165
0 0.9125816993464052 0.16988950276243095 0.05392156862745098 0.09116022099447514
0 0.04820261437908497 0.5290055248618785 0.05392156862745098 0.09116022099447514
0 0.7467320261437909 0.19613259668508287 0.05228758169934641 0.08839779005524862
0 0.2238562091503268 0.6906077348066298 0.05228758169934641 0.08839779005524862
