0 0.8137254901960784 0.49171270718232046 0.058823529411764705 0.09944751381215469
0 0.8112745098039216 0.824585635359116 0.05718954248366013 0.09668508287292818
0 0.19852941176470587 0.7361878453038674 0.05718954248366013 0.09668508287292818
0 0.6160130718954249 0.04696132596685083 0.05555555555555555 0.09392265193370165
0 0.5359477124183006 0.8066298342541437 0.05555555555555555 0.09392265193370165
0 0.5727124183006536 0.830110497237569 0.05392156862745098 0.09116022099447514
0 0.7777777777777778 0.5580110497237569 0.05228758169934641 0.08839779005524862
0 0.10866013071895425 0.4958563535911602 0.05065359477124183 0.0856353591160221
0 0.8880718954248366 0.1505524861878453 0.05065359477124183 0.0856353591160221
0 0.5506535947712419 0.8480662983425414 0.05228758169934641 0.08287292817679558
