0 0.7679738562091504 0.6519337016574586 0.058823529411764705 0.09944751381215469
0 0.3570261437908497 0.8825966850828729 0.05718954248366013 0.09668508287292818
0 0.6200980392156863 0.08425414364640885 0.05718954248366013 0.09668508287292818
0 0.08986928104575163 0.08287292817679558 0.05555555555555555 0.09392265193370165
0 0.7916666666666666 0.0649171270718232 0.05392156862745098 0.09116022099447514
0 0.30800653594771243 0.5345303867403315 0.05392156862745098 0.09116022099447514
0 0.43300653594771243 0.6657458563535912 0.05228758169934641 0.08839779005524862
0 0.8145424836601307 0.5649171270718232 0.05065359477124183 0.0856353591160221
0 0.2965686274509804 0.08701657458563536 0.05065359477124183 0.0856353591160221
0 0.11519607843137254 0.3825966850828729 0.05065359477124183 0.0856353591160221
