0 0.042483660130718956 0.8093922651933702 0.058823529411764705 0.09944751381215469
0 0.5163398692810458 0.5621546961325967 0.058823529411764705 0.09668508287292818
0 0.05392156862745098 0.611878453038674 0.058823529411764705 0.09668508287292818
0 0.13970588235294118 0.4212707182320442 0.05718954248366013 0.09668508287292818
0 0.15441176470588236 0.8107734806629834 0.05718954248366013 0.09668508287292818
0 0.7091503267973857 0.9281767955801105 0.05555555555555555 0.09392265193370165
0 0.9125816993464052 0.08701657458563536 0.05392156862745098 0.09116022099447514
0 0.3374183006535948 0.68646408839779 0.05392156862745098 0.09116022099447514
0 0.8913398692810458 0.8715469613259669 0.05392156862745098 0.09116022099447514
0 0.8766339869281046 0.09116022099447514 0.05392156862745098 0.08839779005524862
0 0.10866013071895425 0.6395027624309392 0.05065359477124183 0.0856353591160221
0 0.3006535947712418 0.850828729281768 0.049019607843137254 0.08287292817679558
