0 0.5345454545454545 0.9180327868852459 0.05818181818181818 0.08743169398907104
0 0.9418181818181818 0.6229508196721312 0.05818181818181818 0.08743169398907104
0 0.22545454545454546 0.18579234972677597 0.05818181818181818 0.08743169398907104
0 0.20363636363636364 0.30327868852459017 0.05818181818181818 0.08196721311475409
0 0.7472727272727273 0.07377049180327869 0.05454545454545454 0.08196721311475409
0 0.42727272727272725 0.19398907103825136 0.05454545454545454 0.08196721311475409
0 0.33636363636363636 0.6639344262295082 0.05454545454545454 0.08196721311475409
0 0.6018181818181818 0.7295081967213115 0.05454545454545454 0.08196721311475409
0 0.14 0.2650273224043716 0.05454545454545454 0.08196721311475409
0 0.24181818181818182 0.2923497267759563 0.05454545454545454 0.08196721311475409
0 0.6618181818181819 0.9344262295081968 0.05090909090909091 0.07650273224043716
