0 0.8563636363636363 0.8879781420765027 0.05454545454545454 0.08196721311475409
0 0.22 0.7786885245901639 0.05454545454545454 0.08196721311475409
0 0.5654545454545454 0.3743169398907104 0.05454545454545454 0.08196721311475409
0 0.7218181818181818 0.7349726775956285 0.05454545454545454 0.08196721311475409
0 0.4381818181818182 0.9371584699453552 0.05454545454545454 0.08196721311475409
0 0.11818181818181818 0.45081967213114754 0.05454545454545454 0.08196721311475409
0 0.2963636363636364 0.2459016393442623 0.05454545454545454 0.07650273224043716
0 0.8945454545454545 0.6502732240437158 0.05090909090909091 0.07650273224043716
0 0.6945454545454546 0.3879781420765027 0.05090909090909091 0.07650273224043716
0 0.6836363636363636 0.36065573770491804 0.05090909090909091 0.07650273224043716
0 0.5327272727272727 0.16666666666666666 0.04727272727272727 0.07103825136612021
