0 0.3660130718954248 0.6683046683046683 0.05555555555555555 0.08353808353808354
0 0.5825163398692811 0.671990171990172 0.05392156862745098 0.08108108108108109
0 0.8349673202614379 0.8108108108108109 0.05228758169934641 0.07862407862407862
0 0.12745098039215685 0.8181818181818182 0.05228758169934641 0.07862407862407862
0 0.8333333333333334 0.12530712530712532 0.05228758169934641 0.07862407862407862
0 0.21977124183006536 0.038083538083538086 0.05065359477124183 0.07616707616707617
0 0.4583333333333333 0.41154791154791154 0.05065359477124183 0.07616707616707617
0 0.04003267973856209 0.6621621621621622 0.05065359477124183 0.07616707616707617
0 0.20833333333333334 0.43857493857493857 0.05065359477124183 0.07616707616707617
0 0.47794117647058826 0.5921375921375921 0.05065359477124183 0.07371007371007371
