0 0.7205882352941176 0.6068796068796068 0.058823529411764705 0.08845208845208845
0 0.0915032679738562 0.1511056511056511 0.058823529411764705 0.085995085995086
0 0.4991830065359477 0.47788697788697787 0.05718954248366013 0.085995085995086
0 0.20179738562091504 0.6621621621621622 0.05718954248366013 0.085995085995086
0 0.05800653594771242 0.6351351351351351 0.05718954248366013 0.085995085995086
0 0.5522875816993464 0.09828009828009827 0.05555555555555555 0.08353808353808354
0 0.8137254901960784 0.11056511056511056 0.05555555555555555 0.08353808353808354
0 0.7181372549019608 0.5515970515970516 0.05392156862745098 0.08108108108108109
0 0.21323529411764705 0.3181818181818182 0.05392156862745098 0.08108108108108109
0 0.04738562091503268 0.7862407862407862 0.05228758169934641 0.07862407862407862
0 0.3235294117647059 0.1941031941031941 0.05228758169934641 0.07862407862407862
0 0.3799019607843137 0.45085995085995084 0.05065359477124183 0.07616707616707617
