0 0.44727272727272727 0.12021857923497267 0.05818181818181818 0.08743169398907104
0 0.2909090909090909 0.31693989071038253 0.05818181818181818 0.08743169398907104
0 0.09636363636363636 0.1284153005464481 0.05454545454545454 0.08196721311475409
0 0.5836363636363636 0.8934426229508197 0.05454545454545454 0.08196721311475409
0 0.7945454545454546 0.17759562841530055 0.05454545454545454 0.08196721311475409
0 0.04181818181818182 0.5819672131147541 0.05454545454545454 0.08196721311475409
0 0.17454545454545456 0.6775956284153005 0.05090909090909091 0.07650273224043716
0 0.44363636363636366 0.31693989071038253 0.05090909090909091 0.07650273224043716
0 0.730909090909091 0.2786885245901639 0.05090909090909091 0.07650273224043716
0 0.11272727272727273 0.42896174863387976 0.05090909090909091 0.07103825136612021
0 0.5909090909090909 0.5819672131147541 0.04727272727272727 0.07103825136612021
