0 0.7467320261437909 0.22794117647058823 0.058823529411764705 0.08823529411764706
0 0.5833333333333334 0.29411764705882354 0.05555555555555555 0.08333333333333333
0 0.9060457516339869 0.40318627450980393 0.05392156862745098 0.08088235294117647
0 0.06290849673202614 0.3492647058823529 0.05392156862745098 0.08088235294117647
0 0.32189542483660133 0.34558823529411764 0.05228758169934641 0.0784313725490196
0 0.36764705882352944 0.17647058823529413 0.05228758169934641 0.0784313725490196
0 0.8218954248366013 0.6397058823529411 0.05228758169934641 0.0784313725490196
0 0.5277777777777778 0.6801470588235294 0.05228758169934641 0.07598039215686274
0 0.7491830065359477 0.5894607843137255 0.05065359477124183 0.07598039215686274
0 0.13316993464052287 0.45955882352941174 0.05065359477124183 0.07598039215686274
0 0.49836601307189543 0.10294117647058823 0.049019607843137254 0.07352941176470588
