0 0.7696078431372549 0.48284313725490197 0.058823529411764705 0.08823529411764706
0 0.7091503267973857 0.5465686274509803 0.058823529411764705 0.08823529411764706
0 0.951797385620915 0.8909313725490197 0.05718954248366013 0.0857843137254902
0 0.4354575163398693 0.8762254901960784 0.05718954248366013 0.0857843137254902
0 0.24754901960784315 0.9350490196078431 0.05718954248366013 0.0857843137254902
0 0.04738562091503268 0.8897058823529411 0.05555555555555555 0.08333333333333333
0 0.3235294117647059 0.5686274509803921 0.05555555555555555 0.08333333333333333
0 0.09967320261437909 0.27205882352941174 0.05228758169934641 0.0784313725490196
0 0.2630718954248366 0.14950980392156862 0.05228758169934641 0.0784313725490196
0 0.7598039215686274 0.5441176470588235 0.049019607843137254 0.07352941176470588
