0 0.9236363636363636 0.3879781420765027 0.05818181818181818 0.08743169398907104
0 0.5890909090909091 0.5245901639344263 0.05818181818181818 0.08743169398907104
0 0.07818181818181819 0.6256830601092896 0.05454545454545454 0.08196721311475409
0 0.25272727272727274 0.5163934426229508 0.05454545454545454 0.08196721311475409
0 0.35818181818181816 0.3797814207650273 0.05454545454545454 0.08196721311475409
0 0.8963636363636364 0.46174863387978143 0.05454545454545454 0.08196721311475409
0 0.7509090909090909 0.9262295081967213 0.05454545454545454 0.08196721311475409
0 0.9672727272727273 0.31693989071038253 0.05090909090909091 0.07650273224043716
0 0.12727272727272726 0.7595628415300546 0.05090909090909091 0.07650273224043716
0 0.2509090909090909 0.3005464480874317 0.05090909090909091 0.07650273224043716
0 0.5127272727272727 0.4262295081967213 0.05090909090909091 0.07650273224043716
