0 0.26708984375 0.51611328125 0.0576171875 0.0576171875
0 0.23193359375 0.94482421875 0.0576171875 0.0576171875
0 0.837890625 0.11328125 0.056640625 0.056640625
0 0.7255859375 0.58984375 0.056640625 0.056640625
0 0.03076171875 0.40869140625 0.0556640625 0.0556640625
0 0.052734375 0.71875 0.0546875 0.0546875
0 0.35400390625 0.84375 0.0537109375 0.052734375
0 0.48193359375 0.71142578125 0.0517578125 0.0517578125
0 0.8681640625 0.4736328125 0.05078125 0.05078125
0 0.96484375 0.890625 0.05078125 0.05078125
