0 0.9296875 0.1337890625 0.05859375 0.05859375
0 0.7177734375 0.158203125 0.05859375 0.05859375
0 0.22900390625 0.46728515625 0.0576171875 0.0576171875
0 0.4296875 0.6650390625 0.056640625 0.056640625
0 0.94970703125 0.10302734375 0.0556640625 0.0556640625
0 0.50390625 0.52734375 0.0546875 0.0546875
0 0.216796875 0.943359375 0.0546875 0.0546875
0 0.22900390625 0.15087890625 0.0537109375 0.0537109375
0 0.90625 0.57421875 0.052734375 0.052734375
0 0.68212890625 0.35791015625 0.0517578125 0.0517578125
0 0.8857421875 0.767578125 0.05078125 0.05078125
