0 0.8137254901960784 0.23529411764705882 0.058823529411764705 0.08823529411764706
0 0.7418300653594772 0.12745098039215685 0.05555555555555555 0.08333333333333333
0 0.125 0.12377450980392157 0.05392156862745098 0.08088235294117647
0 0.8080065359477124 0.22426470588235295 0.05392156862745098 0.08088235294117647
0 0.7589869281045751 0.45465686274509803 0.05392156862745098 0.08088235294117647
0 0.47794117647058826 0.44485294117647056 0.05392156862745098 0.08088235294117647
0 0.5751633986928104 0.7573529411764706 0.05228758169934641 0.0784313725490196
0 0.8202614379084967 0.24509803921568626 0.05228758169934641 0.0784313725490196
0 0.35375816993464054 0.7904411764705882 0.05065359477124183 0.07598039215686274
0 0.17401960784313725 0.5674019607843137 0.05065359477124183 0.07598039215686274
0 0.24428104575163398 0.2928921568627451 0.05065359477124183 0.07598039215686274
0 0.7802287581699346 0.7267156862745098 0.05065359477124183 0.07598039215686274
