0 0.4411764705882353 0.9387254901960784 0.058823529411764705 0.08823529411764706
0 0.41421568627450983 0.9191176470588235 0.05718954248366013 0.08823529411764706
0 0.6723856209150327 0.5772058823529411 0.05718954248366013 0.0857843137254902
0 0.7181372549019608 0.616421568627451 0.05718954248366013 0.0857843137254902
0 0.5269607843137255 0.9325980392156863 0.05718954248366013 0.0857843137254902
0 0.47058823529411764 0.6813725490196079 0.05555555555555555 0.08333333333333333
0 0.03104575163398693 0.06372549019607843 0.05555555555555555 0.08333333333333333
0 0.6936274509803921 0.8480392156862745 0.05392156862745098 0.0784313725490196
0 0.7843137254901961 0.2107843137254902 0.05228758169934641 0.0784313725490196
0 0.7475490196078431 0.5245098039215687 0.05065359477124183 0.07352941176470588
0 0.42320261437908496 0.4534313725490196 0.049019607843137254 0.07352941176470588
0 0.5588235294117647 0.875 0.049019607843137254 0.07352941176470588
