0 0.26633986928104575 0.7965686274509803 0.058823529411764705 0.08823529411764706
0 0.35375816993464054 0.17769607843137256 0.05718954248366013 0.0857843137254902
0 0.9158496732026143 0.9105392156862745 0.05718954248366013 0.0857843137254902
0 0.2785947712418301 0.30514705882352944 0.05718954248366013 0.0857843137254902
0 0.08823529411764706 0.12990196078431374 0.05555555555555555 0.08333333333333333
0 0.13725490196078433 0.12745098039215685 0.05228758169934641 0.0784313725490196
0 0.15359477124183007 0.18137254901960784 0.05228758169934641 0.0784313725490196
0 0.1503267973856209 0.928921568627451 0.05228758169934641 0.0784313725490196
0 0.9648692810457516 0.5674019607843137 0.05065359477124183 0.07598039215686274
0 0.6478758169934641 0.06740196078431372 0.05065359477124183 0.07598039215686274
