0 0.9395424836601307 0.3014705882352941 0.058823529411764705 0.08823529411764706
0 0.5343137254901961 0.8725490196078431 0.058823529411764705 0.08823529411764706
0 0.26552287581699346 0.8590686274509803 0.05718954248366013 0.0857843137254902
0 0.13316993464052287 0.4375 0.05718954248366013 0.0857843137254902
0 0.14705882352941177 0.8308823529411765 0.05555555555555555 0.08333333333333333
0 0.25163398692810457 0.7671568627450981 0.05555555555555555 0.08333333333333333
0 0.7001633986928104 0.8639705882352942 0.05392156862745098 0.08088235294117647
0 0.16339869281045752 0.8946078431372549 0.05228758169934641 0.0784313725490196
0 0.04656862745098039 0.8075980392156863 0.05065359477124183 0.07598039215686274
0 0.07026143790849673 0.8627450980392157 0.049019607843137254 0.07352941176470588
0 0.5637254901960784 0.4681372549019608 0.049019607843137254 0.07352941176470588
0 0.6715686274509803 0.5808823529411765 0.049019607843137254 0.07352941176470588
