0 0.26143790849673204 0.5686274509803921 0.058823529411764705 0.08823529411764706
0 0.7696078431372549 0.6813725490196079 0.058823529411764705 0.08823529411764706
0 0.3415032679738562 0.2426470588235294 0.058823529411764705 0.08823529411764706
0 0.14133986928104575 0.6237745098039216 0.05718954248366013 0.0857843137254902
0 0.6805555555555556 0.6580882352941176 0.05718954248366013 0.0857843137254902
0 0.35049019607843135 0.25857843137254904 0.05392156862745098 0.08088235294117647
0 0.46405228758169936 0.48284313725490197 0.05228758169934641 0.0784313725490196
0 0.12581699346405228 0.6053921568627451 0.05228758169934641 0.0784313725490196
0 0.31781045751633985 0.7120098039215687 0.05065359477124183 0.07598039215686274
0 0.4681372549019608 0.13848039215686275 0.05065359477124183 0.07598039215686274
