0 0.7777777777777778 0.5686274509803921 0.058823529411764705 0.08823529411764706
0 0.1527777777777778 0.9080882352941176 0.05392156862745098 0.08088235294117647
0 0.8521241830065359 0.7218137254901961 0.05392156862745098 0.08088235294117647
0 0.6405228758169934 0.6985294117647058 0.05228758169934641 0.0784313725490196
0 0.6879084967320261 0.5367647058823529 0.05228758169934641 0.0784313725490196
0 0.13071895424836602 0.2549019607843137 0.05228758169934641 0.0784313725490196
0 0.10294117647058823 0.8284313725490197 0.05228758169934641 0.0784313725490196
0 0.8284313725490197 0.6825980392156863 0.05228758169934641 0.07598039215686274
0 0.33088235294117646 0.8713235294117647 0.05065359477124183 0.07598039215686274
0 0.37826797385620914 0.3174019607843137 0.05065359477124183 0.07598039215686274
0 0.3929738562091503 0.29044117647058826 0.05065359477124183 0.07598039215686274
