0 0.9109477124183006 0.46200980392156865 0.05718954248366013 0.0857843137254902
0 0.928921568627451 0.2536764705882353 0.05718954248366013 0.0857843137254902
0 0.35375816993464054 0.2267156862745098 0.05718954248366013 0.0857843137254902
0 0.13316993464052287 0.4007352941176471 0.05392156862745098 0.08088235294117647
0 0.1315359477124183 0.7120098039215687 0.05392156862745098 0.08088235294117647
0 0.8986928104575164 0.0784313725490196 0.05228758169934641 0.0784313725490196
0 0.7320261437908496 0.11764705882352941 0.05228758169934641 0.0784313725490196
0 0.3897058823529412 0.13848039215686275 0.05065359477124183 0.07598039215686274
0 0.6462418300653595 0.26838235294117646 0.05065359477124183 0.07598039215686274
0 0.13562091503267973 0.2426470588235294 0.049019607843137254 0.07352941176470588
