0 0.8464052287581699 0.5857843137254902 0.058823529411764705 0.08823529411764706
0 0.7949346405228758 0.5674019607843137 0.05718954248366013 0.0857843137254902
0 0.6887254901960784 0.8247549019607843 0.05718954248366013 0.0857843137254902
0 0.440359477124183 0.6286764705882353 0.05718954248366013 0.0857843137254902
0 0.6454248366013072 0.23284313725490197 0.05555555555555555 0.08333333333333333
0 0.4027777777777778 0.3272058823529412 0.05392156862745098 0.08088235294117647
0 0.5645424836601307 0.4105392156862745 0.05392156862745098 0.08088235294117647
0 0.9575163398692811 0.31862745098039214 0.05228758169934641 0.0784313725490196
0 0.31290849673202614 0.23161764705882354 0.05065359477124183 0.07598039215686274
0 0.8570261437908496 0.5232843137254902 0.05065359477124183 0.07598039215686274
