0 0.3104575163398693 0.4950980392156863 0.058823529411764705 0.08823529411764706
0 0.25326797385620914 0.7708333333333334 0.058823529411764705 0.0857843137254902
0 0.1772875816993464 0.5526960784313726 0.05718954248366013 0.0857843137254902
0 0.352124183006536 0.45955882352941174 0.05718954248366013 0.0857843137254902
0 0.2704248366013072 0.5159313725490197 0.05718954248366013 0.0857843137254902
0 0.4199346405228758 0.7524509803921569 0.05555555555555555 0.08333333333333333
0 0.1650326797385621 0.8774509803921569 0.05555555555555555 0.08333333333333333
0 0.8856209150326797 0.9240196078431373 0.05555555555555555 0.08333333333333333
0 0.6666666666666666 0.9362745098039216 0.05228758169934641 0.0784313725490196
0 0.5040849673202614 0.33700980392156865 0.05065359477124183 0.07598039215686274
0 0.22794117647058823 0.18504901960784315 0.05065359477124183 0.07598039215686274
0 0.7736928104575164 0.8272058823529411 0.05065359477124183 0.07598039215686274
