0 0.9387254901960784 0.7781862745098039 0.05718954248366013 0.0857843137254902
0 0.7785947712418301 0.0821078431372549 0.05718954248366013 0.0857843137254902
0 0.3047385620915033 0.4644607843137255 0.05718954248366013 0.0857843137254902
0 0.5081699346405228 0.9362745098039216 0.05555555555555555 0.08333333333333333
0 0.40522875816993464 0.6617647058823529 0.05555555555555555 0.08333333333333333
0 0.4411764705882353 0.2622549019607843 0.05555555555555555 0.08333333333333333
0 0.028594771241830064 0.5575980392156863 0.05392156862745098 0.08088235294117647
0 0.5669934640522876 0.7892156862745098 0.05228758169934641 0.0784313725490196
0 0.3741830065359477 0.5735294117647058 0.05228758169934641 0.0784313725490196
0 0.8178104575163399 0.05514705882352941 0.05065359477124183 0.07598039215686274
0 0.5972222222222222 0.16544117647058823 0.05065359477124183 0.07598039215686274
0 0.7075163398692811 0.16666666666666666 0.049019607843137254 0.07352941176470588
