0 0.8374183006535948 0.7610294117647058 0.05718954248366013 0.0857843137254902
0 0.3415032679738562 0.6911764705882353 0.05555555555555555 0.08333333333333333
0 0.09640522875816994 0.8872549019607843 0.05555555555555555 0.08333333333333333
0 0.5686274509803921 0.6666666666666666 0.05555555555555555 0.08333333333333333
0 0.5245098039215687 0.041666666666666664 0.05555555555555555 0.08333333333333333
0 0.5392156862745098 0.5147058823529411 0.05555555555555555 0.08333333333333333
0 0.9730392156862745 0.2855392156862745 0.05392156862745098 0.08088235294117647
0 0.21323529411764705 0.4791666666666667 0.05392156862745098 0.08088235294117647
0 0.09558823529411764 0.2610294117647059 0.05392156862745098 0.08088235294117647
0 0.3472222222222222 0.41544117647058826 0.05392156862745098 0.08088235294117647
0 0.7647058823529411 0.4387254901960784 0.05228758169934641 0.0784313725490196
0 0.625 0.12622549019607843 0.05065359477124183 0.07598039215686274
