0 0.1111111111111111 0.9558823529411765 0.058823529411764705 0.08823529411764706
0 0.40931372549019607 0.19975490196078433 0.05718954248366013 0.0857843137254902
0 0.6609477124183006 0.6801470588235294 0.05718954248366013 0.0857843137254902
0 0.9534313725490197 0.16911764705882354 0.05718954248366013 0.08333333333333333
0 0.7352941176470589 0.06862745098039216 0.05555555555555555 0.08333333333333333
0 0.28594771241830064 0.9509803921568627 0.05555555555555555 0.08333333333333333
0 0.20588235294117646 0.7549019607843137 0.05228758169934641 0.0784313725490196
0 0.6993464052287581 0.946078431372549 0.05228758169934641 0.0784313725490196
0 0.7467320261437909 0.3872549019607843 0.05228758169934641 0.0784313725490196
0 0.2867647058823529 0.8566176470588235 0.05065359477124183 0.07598039215686274
0 0.6674836601307189 0.5686274509803921 0.05065359477124183 0.07352941176470588
