0 0.7228125 0.7849109653233365 0.058125 0.08716026241799438
0 0.96625 0.9325210871602624 0.0575 0.08622305529522024
0 0.229375 0.4001874414245548 0.0575 0.08622305529522024
0 0.4075 0.8125585754451734 0.0575 0.08622305529522024
0 0.410625 0.3177132146204311 0.05625 0.08434864104967198
0 0.7728125 0.7914714151827554 0.055625 0.08341143392689784
0 0.595625 0.046860356138706656 0.05375 0.08059981255857544
0 0.903125 0.7263355201499532 0.0525 0.07872539831302718
0 0.8646875 0.7314901593252109 0.050625 0.07591377694470477
0 0.328125 0.14058106841611998 0.05 0.07497656982193064
