0 0.39215686274509803 0.33088235294117646 0.058823529411764705 0.08823529411764706
0 0.7238562091503268 0.5367647058823529 0.058823529411764705 0.08823529411764706
0 0.1527777777777778 0.8933823529411765 0.05718954248366013 0.0857843137254902
0 0.7075163398692811 0.9411764705882353 0.05555555555555555 0.08333333333333333
0 0.2761437908496732 0.4950980392156863 0.05555555555555555 0.08333333333333333
0 0.6258169934640523 0.17401960784313725 0.05555555555555555 0.08333333333333333
0 0.6168300653594772 0.9105392156862745 0.05392156862745098 0.08088235294117647
0 0.5359477124183006 0.30392156862745096 0.05228758169934641 0.0784313725490196
0 0.6535947712418301 0.5171568627450981 0.05228758169934641 0.0784313725490196
0 0.44281045751633985 0.7058823529411765 0.049019607843137254 0.07352941176470588
