0 0.696078431372549 0.35049019607843135 0.058823529411764705 0.08823529411764706
0 0.29411764705882354 0.27450980392156865 0.05555555555555555 0.08333333333333333
0 0.6748366013071896 0.4019607843137255 0.05555555555555555 0.08333333333333333
0 0.6062091503267973 0.7794117647058824 0.05555555555555555 0.08333333333333333
0 0.1503267973856209 0.5612745098039216 0.05555555555555555 0.08333333333333333
0 0.9101307189542484 0.7818627450980392 0.05555555555555555 0.08333333333333333
0 0.3227124183006536 0.13848039215686275 0.05392156862745098 0.08088235294117647
0 0.4861111111111111 0.18504901960784315 0.05392156862745098 0.08088235294117647
0 0.4068627450980392 0.821078431372549 0.05228758169934641 0.0784313725490196
0 0.8415032679738562 0.13970588235294118 0.05228758169934641 0.0784313725490196
0 0.6111111111111112 0.5171568627450981 0.05228758169934641 0.0784313725490196
0 0.13725490196078433 0.18627450980392157 0.05228758169934641 0.0784313725490196
