0 0.5800653594771242 0.49264705882352944 0.058823529411764705 0.08823529411764706
0 0.380718954248366 0.14460784313725492 0.058823529411764705 0.08823529411764706
0 0.2238562091503268 0.32107843137254904 0.058823529411764705 0.08823529411764706
0 0.3235294117647059 0.5514705882352942 0.05555555555555555 0.08333333333333333
0 0.315359477124183 0.8946078431372549 0.05555555555555555 0.08333333333333333
0 0.6748366013071896 0.22794117647058823 0.05555555555555555 0.08333333333333333
0 0.7312091503267973 0.16299019607843138 0.05392156862745098 0.08088235294117647
0 0.940359477124183 0.5919117647058824 0.05392156862745098 0.08088235294117647
0 0.4076797385620915 0.6409313725490197 0.05392156862745098 0.08088235294117647
0 0.18872549019607843 0.5122549019607843 0.05392156862745098 0.0784313725490196
0 0.4011437908496732 0.5698529411764706 0.05065359477124183 0.07598039215686274
0 0.5106209150326797 0.4522058823529412 0.05065359477124183 0.07598039215686274
