0 0.25326797385620914 0.3872549019607843 0.058823529411764705 0.08823529411764706
0 0.7516339869281046 0.16911764705882354 0.058823529411764705 0.08823529411764706
0 0.41094771241830064 0.45465686274509803 0.05718954248366013 0.0857843137254902
0 0.8929738562091504 0.5306372549019608 0.05718954248366013 0.0857843137254902
0 0.6168300653594772 0.8063725490196079 0.05718954248366013 0.08333333333333333
0 0.5424836601307189 0.09803921568627451 0.05555555555555555 0.08333333333333333
0 0.06372549019607843 0.07352941176470588 0.05555555555555555 0.08333333333333333
0 0.9558823529411765 0.8284313725490197 0.05555555555555555 0.08333333333333333
0 0.2549019607843137 0.8946078431372549 0.05555555555555555 0.08333333333333333
0 0.2769607843137255 0.38112745098039214 0.05392156862745098 0.08088235294117647
0 0.9746732026143791 0.7928921568627451 0.05065359477124183 0.07598039215686274
0 0.7540849673202614 0.7046568627450981 0.05065359477124183 0.07598039215686274
