0 0.07026143790849673 0.5514705882352942 0.058823529411764705 0.08823529411764706
0 0.5424836601307189 0.8308823529411765 0.058823529411764705 0.08823529411764706
0 0.9240196078431373 0.13602941176470587 0.05718954248366013 0.0857843137254902
0 0.05473856209150327 0.07475490196078431 0.05718954248366013 0.0857843137254902
0 0.7973856209150327 0.9044117647058824 0.05555555555555555 0.08333333333333333
0 0.03104575163398693 0.38235294117647056 0.05555555555555555 0.08333333333333333
0 0.06045751633986928 0.7401960784313726 0.05228758169934641 0.0784313725490196
0 0.24428104575163398 0.25857843137254904 0.05065359477124183 0.07598039215686274
0 0.5122549019607843 0.3541666666666667 0.05065359477124183 0.07598039215686274
0 0.7459150326797386 0.29044117647058826 0.05065359477124183 0.07598039215686274
0 0.45588235294117646 0.5465686274509803 0.049019607843137254 0.07352941176470588
