0 0.5490196078431373 0.051470588235294115 0.058823529411764705 0.08823529411764706
0 0.7263071895424836 0.5208333333333334 0.05718954248366013 0.0857843137254902
0 0.4722222222222222 0.28431372549019607 0.05555555555555555 0.08333333333333333
0 0.5947712418300654 0.28431372549019607 0.05555555555555555 0.08333333333333333
0 0.5898692810457516 0.14705882352941177 0.05555555555555555 0.08333333333333333
0 0.48366013071895425 0.6740196078431373 0.05555555555555555 0.08333333333333333
0 0.8766339869281046 0.6299019607843137 0.05392156862745098 0.0784313725490196
0 0.8071895424836601 0.6862745098039216 0.05228758169934641 0.0784313725490196
0 0.6650326797385621 0.14460784313725492 0.05228758169934641 0.0784313725490196
0 0.44281045751633985 0.46568627450980393 0.05228758169934641 0.0784313725490196
0 0.07924836601307189 0.28799019607843135 0.05065359477124183 0.07598039215686274
0 0.8570261437908496 0.03799019607843137 0.05065359477124183 0.07598039215686274
