0 0.3112745098039216 0.16789215686274508 0.05718954248366013 0.0857843137254902
0 0.7132352941176471 0.07475490196078431 0.05718954248366013 0.0857843137254902
0 0.701797385620915 0.051470588235294115 0.05718954248366013 0.08333333333333333
0 0.4950980392156863 0.9387254901960784 0.05555555555555555 0.08333333333333333
0 0.2042483660130719 0.7696078431372549 0.05555555555555555 0.08333333333333333
0 0.5081699346405228 0.7156862745098039 0.05555555555555555 0.08333333333333333
0 0.42892156862745096 0.7389705882352942 0.05392156862745098 0.08088235294117647
0 0.9583333333333334 0.3639705882352941 0.05392156862745098 0.08088235294117647
0 0.5604575163398693 0.8995098039215687 0.05228758169934641 0.0784313725490196
0 0.3553921568627451 0.19975490196078433 0.05065359477124183 0.07598039215686274
0 0.8880718954248366 0.6482843137254902 0.05065359477124183 0.07598039215686274
0 0.45098039215686275 0.8946078431372549 0.049019607843137254 0.07352941176470588
