0 0.5866013071895425 0.3817733990147783 0.058823529411764705 0.08866995073891626
0 0.7745098039215687 0.9113300492610837 0.058823529411764705 0.08866995073891626
0 0.5874183006535948 0.9519704433497537 0.05718954248366013 0.08620689655172414
0 0.9101307189542484 0.8448275862068966 0.05555555555555555 0.08374384236453201
0 0.4950980392156863 0.4421182266009852 0.05555555555555555 0.0812807881773399
0 0.9297385620915033 0.8694581280788177 0.05228758169934641 0.07881773399014778
0 0.5228758169934641 0.09852216748768473 0.05228758169934641 0.07881773399014778
0 0.16339869281045752 0.9211822660098522 0.05228758169934641 0.07881773399014778
0 0.45751633986928103 0.6502463054187192 0.05228758169934641 0.07881773399014778
0 0.4714052287581699 0.9568965517241379 0.05065359477124183 0.07635467980295567
0 0.9158496732026143 0.7610837438423645 0.05065359477124183 0.07389162561576355
