0 0.7127272727272728 0.8961748633879781 0.05818181818181818 0.08743169398907104
0 0.29818181818181816 0.060109289617486336 0.05818181818181818 0.08743169398907104
0 0.49636363636363634 0.38524590163934425 0.05454545454545454 0.08196721311475409
0 0.7072727272727273 0.6092896174863388 0.05454545454545454 0.08196721311475409
0 0.54 0.6475409836065574 0.05454545454545454 0.08196721311475409
0 0.4490909090909091 0.45081967213114754 0.05454545454545454 0.08196721311475409
0 0.05090909090909091 0.907103825136612 0.05090909090909091 0.07650273224043716
0 0.8109090909090909 0.16939890710382513 0.05090909090909091 0.07650273224043716
0 0.4763636363636364 0.45901639344262296 0.05090909090909091 0.07650273224043716
0 0.6 0.3224043715846995 0.05090909090909091 0.07650273224043716
0 0.8945454545454545 0.31420765027322406 0.05090909090909091 0.07103825136612021
0 0.5836363636363636 0.8169398907103825 0.04727272727272727 0.07103825136612021
