0 0.9697265625 0.47584187408491946 0.05859375 0.08784773060029283
0 0.8330078125 0.23572474377745242 0.05859375 0.08784773060029283
0 0.673828125 0.35431918008784774 0.05859375 0.08784773060029283
0 0.705078125 0.5226939970717424 0.05859375 0.08784773060029283
0 0.1123046875 0.6764275256222547 0.052734375 0.07906295754026355
0 0.33349609375 0.6185944363103953 0.0517578125 0.07759882869692533
0 0.61572265625 0.27159590043923865 0.0517578125 0.07759882869692533
0 0.8720703125 0.34992679355783307 0.05078125 0.07613469985358712
0 0.61376953125 0.38872620790629575 0.0498046875 0.0746705710102489
0 0.06396484375 0.7840409956076134 0.0498046875 0.0746705710102489
