0 0.6145454545454545 0.273224043715847 0.05818181818181818 0.08743169398907104
0 0.13454545454545455 0.6721311475409836 0.05818181818181818 0.08743169398907104
0 0.3781818181818182 0.17486338797814208 0.05818181818181818 0.08743169398907104
0 0.7036363636363636 0.5218579234972678 0.05454545454545454 0.08196721311475409
0 0.6636363636363637 0.30327868852459017 0.05454545454545454 0.08196721311475409
0 0.6981818181818182 0.18032786885245902 0.05090909090909091 0.07650273224043716
0 0.8618181818181818 0.644808743169399 0.05090909090909091 0.07650273224043716
0 0.3381818181818182 0.7049180327868853 0.05090909090909091 0.07650273224043716
0 0.28363636363636363 0.6420765027322405 0.05090909090909091 0.07103825136612021
0 0.9472727272727273 0.8879781420765027 0.04727272727272727 0.07103825136612021
0 0.6672727272727272 0.24863387978142076 0.04727272727272727 0.07103825136612021
0 0.6636363636363637 0.34972677595628415 0.04727272727272727 0.06557377049180328
