0 0.6029411764705882 0.13480392156862744 0.058823529411764705 0.08823529411764706
0 0.15849673202614378 0.4068627450980392 0.058823529411764705 0.08823529411764706
0 0.15359477124183007 0.7401960784313726 0.058823529411764705 0.08823529411764706
0 0.1854575163398693 0.8517156862745098 0.05718954248366013 0.0857843137254902
0 0.35375816993464054 0.38848039215686275 0.05718954248366013 0.0857843137254902
0 0.1527777777777778 0.6384803921568627 0.05718954248366013 0.0857843137254902
0 0.5816993464052288 0.16666666666666666 0.05228758169934641 0.0784313725490196
0 0.7581699346405228 0.9068627450980392 0.05228758169934641 0.0784313725490196
0 0.6838235294117647 0.5649509803921569 0.05065359477124183 0.07598039215686274
0 0.24428104575163398 0.866421568627451 0.05065359477124183 0.07598039215686274
