0 0.6838235294117647 0.9301470588235294 0.05718954248366013 0.0857843137254902
0 0.8080065359477124 0.35049019607843135 0.05718954248366013 0.08333333333333333
0 0.3088235294117647 0.8627450980392157 0.05555555555555555 0.08333333333333333
0 0.19117647058823528 0.12990196078431374 0.05555555555555555 0.08333333333333333
0 0.17973856209150327 0.7696078431372549 0.05555555555555555 0.08333333333333333
0 0.12745098039215685 0.5955882352941176 0.05555555555555555 0.08333333333333333
0 0.4959150326797386 0.7242647058823529 0.05392156862745098 0.08088235294117647
0 0.6576797385620915 0.18259803921568626 0.05392156862745098 0.08088235294117647
0 0.4550653594771242 0.3137254901960784 0.05392156862745098 0.0784313725490196
0 0.7647058823529411 0.5073529411764706 0.05228758169934641 0.0784313725490196
0 0.24509803921568626 0.2769607843137255 0.05228758169934641 0.0784313725490196
0 0.33986928104575165 0.5073529411764706 0.05228758169934641 0.0784313725490196
