0 0.36519607843137253 0.8345588235294118 0.05718954248366013 0.0857843137254902
0 0.18055555555555555 0.7879901960784313 0.05718954248366013 0.0857843137254902
0 0.3227124183006536 0.6311274509803921 0.05718954248366013 0.0857843137254902
0 0.3709150326797386 0.7377450980392157 0.05555555555555555 0.08333333333333333
0 0.45179738562091504 0.6727941176470589 0.05392156862745098 0.08088235294117647
0 0.8602941176470589 0.9399509803921569 0.05392156862745098 0.08088235294117647
0 0.16584967320261437 0.9399509803921569 0.05392156862745098 0.08088235294117647
0 0.5065359477124183 0.5808823529411765 0.05228758169934641 0.0784313725490196
0 0.8496732026143791 0.8946078431372549 0.05228758169934641 0.0784313725490196
0 0.6642156862745098 0.49387254901960786 0.05065359477124183 0.07598039215686274
0 0.6723856209150327 0.8026960784313726 0.05065359477124183 0.07598039215686274
0 0.6699346405228758 0.4730392156862745 0.049019607843137254 0.07352941176470588
