0 0.9101307189542484 0.19852941176470587 0.058823529411764705 0.08823529411764706
0 0.24591503267973855 0.7708333333333334 0.05718954248366013 0.0857843137254902
0 0.03839869281045752 0.9350490196078431 0.05718954248366013 0.0857843137254902
0 0.04411764705882353 0.41421568627450983 0.05555555555555555 0.08333333333333333
0 0.4199346405228758 0.40931372549019607 0.05555555555555555 0.08333333333333333
0 0.4624183006535948 0.7181372549019608 0.05555555555555555 0.08333333333333333
0 0.6699346405228758 0.19240196078431374 0.05555555555555555 0.08088235294117647
0 0.18872549019607843 0.8786764705882353 0.05065359477124183 0.07598039215686274
0 0.6985294117647058 0.7291666666666666 0.05065359477124183 0.07598039215686274
0 0.2916666666666667 0.1875 0.05065359477124183 0.07598039215686274
