0 0.7826797385620915 0.3112745098039216 0.058823529411764705 0.08823529411764706
0 0.3382352941176471 0.04656862745098039 0.058823529411764705 0.08823529411764706
0 0.17401960784313725 0.2659313725490196 0.05718954248366013 0.0857843137254902
0 0.4959150326797386 0.2708333333333333 0.05718954248366013 0.0857843137254902
0 0.04084967320261438 0.696078431372549 0.05555555555555555 0.08333333333333333
0 0.05555555555555555 0.3333333333333333 0.05228758169934641 0.0784313725490196
0 0.0718954248366013 0.47058823529411764 0.05228758169934641 0.0784313725490196
0 0.20179738562091504 0.6115196078431373 0.05065359477124183 0.07598039215686274
0 0.8014705882352942 0.3002450980392157 0.05065359477124183 0.07598039215686274
0 0.309640522875817 0.7806372549019608 0.05065359477124183 0.07598039215686274
0 0.5285947712418301 0.8443627450980392 0.05065359477124183 0.07598039215686274
