0 0.3709150326797386 0.5906862745098039 0.058823529411764705 0.08823529411764706
0 0.2638888888888889 0.9203431372549019 0.05718954248366013 0.0857843137254902
0 0.14133986928104575 0.9497549019607843 0.05718954248366013 0.0857843137254902
0 0.1437908496732026 0.4362745098039216 0.05555555555555555 0.08333333333333333
0 0.35375816993464054 0.20220588235294118 0.05392156862745098 0.08088235294117647
0 0.41911764705882354 0.06740196078431372 0.05392156862745098 0.08088235294117647
0 0.36356209150326796 0.13602941176470587 0.05392156862745098 0.08088235294117647
0 0.16013071895424835 0.32598039215686275 0.05228758169934641 0.0784313725490196
0 0.6119281045751634 0.2610294117647059 0.05065359477124183 0.07598039215686274
0 0.3145424836601307 0.32230392156862747 0.05065359477124183 0.07598039215686274
