0 0.9183006535947712 0.7720588235294118 0.058823529411764705 0.08823529411764706
0 0.21568627450980393 0.8651960784313726 0.058823529411764705 0.08823529411764706
0 0.6911764705882353 0.7034313725490197 0.058823529411764705 0.08823529411764706
0 0.23529411764705882 0.9215686274509803 0.058823529411764705 0.08823529411764706
0 0.9648692810457516 0.6360294117647058 0.05718954248366013 0.0857843137254902
0 0.5727124183006536 0.7573529411764706 0.05718954248366013 0.08333333333333333
0 0.5816993464052288 0.571078431372549 0.05555555555555555 0.08333333333333333
0 0.1968954248366013 0.8272058823529411 0.05392156862745098 0.08088235294117647
0 0.7589869281045751 0.3737745098039216 0.05392156862745098 0.08088235294117647
0 0.2647058823529412 0.5098039215686274 0.05228758169934641 0.0784313725490196
0 0.6454248366013072 0.32107843137254904 0.05228758169934641 0.0784313725490196
0 0.3758169934640523 0.875 0.049019607843137254 0.07352941176470588
