0 0.619281045751634 0.8259803921568627 0.058823529411764705 0.08823529411764706
0 0.8872549019607843 0.37254901960784315 0.05555555555555555 0.08333333333333333
0 0.397875816993464 0.09926470588235294 0.05392156862745098 0.08088235294117647
0 0.678921568627451 0.4987745098039216 0.05392156862745098 0.08088235294117647
0 0.35375816993464054 0.9093137254901961 0.05392156862745098 0.0784313725490196
0 0.6470588235294118 0.37745098039215685 0.05228758169934641 0.0784313725490196
0 0.13725490196078433 0.2818627450980392 0.05228758169934641 0.0784313725490196
0 0.9142156862745098 0.16789215686274508 0.05065359477124183 0.07598039215686274
0 0.5179738562091504 0.4215686274509804 0.049019607843137254 0.07352941176470588
0 0.8954248366013072 0.24509803921568626 0.049019607843137254 0.07352941176470588
