0 0.5016339869281046 0.5318627450980392 0.058823529411764705 0.08823529411764706
0 0.38235294117647056 0.1715686274509804 0.058823529411764705 0.08823529411764706
0 0.37173202614379086 0.3541666666666667 0.05718954248366013 0.0857843137254902
0 0.7238562091503268 0.9044117647058824 0.05555555555555555 0.08333333333333333
0 0.6781045751633987 0.5306372549019608 0.05555555555555555 0.08088235294117647
0 0.25245098039215685 0.15318627450980393 0.05392156862745098 0.08088235294117647
0 0.41094771241830064 0.8566176470588235 0.05392156862745098 0.08088235294117647
0 0.4910130718954248 0.5477941176470589 0.05065359477124183 0.07598039215686274
0 0.6740196078431373 0.3284313725490196 0.05065359477124183 0.07352941176470588
0 0.8937908496732027 0.8504901960784313 0.049019607843137254 0.07352941176470588
