0 0.5800653594771242 0.20833333333333334 0.058823529411764705 0.08823529411764706
0 0.059640522875817 0.18259803921568626 0.05718954248366013 0.0857843137254902
0 0.13398692810457516 0.22058823529411764 0.05555555555555555 0.08333333333333333
0 0.4820261437908497 0.571078431372549 0.05555555555555555 0.08333333333333333
0 0.1111111111111111 0.11764705882352941 0.05555555555555555 0.08333333333333333
0 0.23366013071895425 0.3700980392156863 0.05555555555555555 0.08333333333333333
0 0.9419934640522876 0.8394607843137255 0.05392156862745098 0.08088235294117647
0 0.49264705882352944 0.5526960784313726 0.05392156862745098 0.08088235294117647
0 0.3145424836601307 0.0821078431372549 0.05065359477124183 0.07598039215686274
0 0.06944444444444445 0.6311274509803921 0.05065359477124183 0.07598039215686274
