0 0.7916666666666666 0.7683823529411765 0.05718954248366013 0.0857843137254902
0 0.1707516339869281 0.7904411764705882 0.05718954248366013 0.0857843137254902
0 0.7965686274509803 0.508578431372549 0.05392156862745098 0.08088235294117647
0 0.07434640522875817 0.2512254901960784 0.05392156862745098 0.08088235294117647
0 0.6258169934640523 0.8627450980392157 0.05228758169934641 0.0784313725490196
0 0.7679738562091504 0.2696078431372549 0.05228758169934641 0.0784313725490196
0 0.1977124183006536 0.5808823529411765 0.05228758169934641 0.0784313725490196
0 0.6200980392156863 0.09191176470588236 0.05065359477124183 0.07598039215686274
0 0.7328431372549019 0.6875 0.05065359477124183 0.07598039215686274
0 0.3627450980392157 0.38235294117647056 0.049019607843137254 0.07352941176470588
