0 0.7843137254901961 0.9558823529411765 0.058823529411764705 0.08823529411764706
0 0.75 0.5465686274509803 0.058823529411764705 0.08823529411764706
0 0.6282679738562091 0.4742647058823529 0.05718954248366013 0.0857843137254902
0 0.8799019607843137 0.616421568627451 0.05718954248366013 0.0857843137254902
0 0.8725490196078431 0.4730392156862745 0.05555555555555555 0.08333333333333333
0 0.1111111111111111 0.46078431372549017 0.05555555555555555 0.08333333333333333
0 0.8660130718954249 0.0857843137254902 0.05555555555555555 0.08333333333333333
0 0.3839869281045752 0.2696078431372549 0.05555555555555555 0.08333333333333333
0 0.22140522875816993 0.9424019607843137 0.05392156862745098 0.08088235294117647
0 0.8129084967320261 0.7389705882352942 0.05392156862745098 0.08088235294117647
0 0.7704248366013072 0.6090686274509803 0.05392156862745098 0.08088235294117647
0 0.09395424836601307 0.8174019607843137 0.05065359477124183 0.07598039215686274
