0 0.24019607843137256 0.4730392156862745 0.058823529411764705 0.08823529411764706
0 0.5735294117647058 0.8357843137254902 0.058823529411764705 0.08823529411764706
0 0.7246732026143791 0.8345588235294118 0.05718954248366013 0.0857843137254902
0 0.8709150326797386 0.28921568627450983 0.05555555555555555 0.08333333333333333
0 0.46895424836601307 0.9509803921568627 0.05555555555555555 0.08333333333333333
0 0.35294117647058826 0.28921568627450983 0.05228758169934641 0.0784313725490196
0 0.7532679738562091 0.23284313725490197 0.05228758169934641 0.0784313725490196
0 0.9313725490196079 0.5122549019607843 0.05228758169934641 0.0784313725490196
0 0.9093137254901961 0.2977941176470588 0.05065359477124183 0.07598039215686274
0 0.875 0.3909313725490196 0.05065359477124183 0.07598039215686274
