0 0.16666666666666666 0.5343137254901961 0.058823529411764705 0.08823529411764706
0 0.7647058823529411 0.8161764705882353 0.058823529411764705 0.08823529411764706
0 0.7573529411764706 0.4571078431372549 0.05718954248366013 0.0857843137254902
0 0.05310457516339869 0.30269607843137253 0.05718954248366013 0.0857843137254902
0 0.8325163398692811 0.5821078431372549 0.05718954248366013 0.0857843137254902
0 0.886437908496732 0.35171568627450983 0.05718954248366013 0.0857843137254902
0 0.16013071895424835 0.42892156862745096 0.05555555555555555 0.08333333333333333
0 0.3047385620915033 0.4644607843137255 0.05392156862745098 0.08088235294117647
0 0.5465686274509803 0.5453431372549019 0.05392156862745098 0.08088235294117647
0 0.8782679738562091 0.4375 0.05065359477124183 0.07598039215686274
0 0.6740196078431373 0.18504901960784315 0.05065359477124183 0.07598039215686274
