0 0.07026143790849673 0.10049019607843138 0.058823529411764705 0.08823529411764706
0 0.8602941176470589 0.6286764705882353 0.05718954248366013 0.0857843137254902
0 0.7589869281045751 0.29044117647058826 0.05718954248366013 0.0857843137254902
0 0.8080065359477124 0.8615196078431373 0.05718954248366013 0.0857843137254902
0 0.48856209150326796 0.571078431372549 0.05555555555555555 0.08333333333333333
0 0.5073529411764706 0.6825980392156863 0.05392156862745098 0.08088235294117647
0 0.2908496732026144 0.16666666666666666 0.05228758169934641 0.0784313725490196
0 0.434640522875817 0.6470588235294118 0.05228758169934641 0.0784313725490196
0 0.6919934640522876 0.7610294117647058 0.05065359477124183 0.07598039215686274
0 0.8194444444444444 0.35171568627450983 0.05065359477124183 0.07598039215686274
