0 0.4264705882352941 0.6715686274509803 0.058823529411764705 0.08823529411764706
0 0.43218954248366015 0.30514705882352944 0.05718954248366013 0.0857843137254902
0 0.7655228758169934 0.17279411764705882 0.05718954248366013 0.0857843137254902
0 0.5065359477124183 0.22549019607843138 0.05555555555555555 0.08333333333333333
0 0.5514705882352942 0.6801470588235294 0.05392156862745098 0.08088235294117647
0 0.7941176470588235 0.5269607843137255 0.05228758169934641 0.0784313725490196
0 0.6486928104575164 0.10049019607843138 0.05228758169934641 0.0784313725490196
0 0.3741830065359477 0.2426470588235294 0.05228758169934641 0.0784313725490196
0 0.07924836601307189 0.18995098039215685 0.05065359477124183 0.07598039215686274
0 0.24836601307189543 0.19117647058823528 0.049019607843137254 0.07352941176470588
0 0.49019607843137253 0.5122549019607843 0.049019607843137254 0.07352941176470588
0 0.4722222222222222 0.08823529411764706 0.049019607843137254 0.07352941176470588
