0 0.6813725490196079 0.1053921568627451 0.058823529411764705 0.08823529411764706
0 0.8464052287581699 0.1715686274509804 0.058823529411764705 0.08823529411764706
0 0.9714052287581699 0.3394607843137255 0.05718954248366013 0.0857843137254902
0 0.8790849673202614 0.49019607843137253 0.05555555555555555 0.08333333333333333
0 0.9575163398692811 0.4987745098039216 0.05555555555555555 0.08088235294117647
0 0.9566993464052288 0.8762254901960784 0.05392156862745098 0.08088235294117647
0 0.23529411764705882 0.6470588235294118 0.05228758169934641 0.0784313725490196
0 0.8341503267973857 0.7046568627450981 0.05065359477124183 0.07598039215686274
0 0.9697712418300654 0.8737745098039216 0.05065359477124183 0.07598039215686274
0 0.08415032679738563 0.5330882352941176 0.05065359477124183 0.07598039215686274
