0 0.14950980392156862 0.3762254901960784 0.05718954248366013 0.0857843137254902
0 0.9240196078431373 0.9227941176470589 0.05718954248366013 0.0857843137254902
0 0.22140522875816993 0.9473039215686274 0.05392156862745098 0.08088235294117647
0 0.5555555555555556 0.6691176470588235 0.05228758169934641 0.0784313725490196
0 0.12826797385620914 0.6409313725490197 0.05065359477124183 0.07598039215686274
0 0.6756535947712419 0.4497549019607843 0.05065359477124183 0.07598039215686274
0 0.5825163398692811 0.6188725490196079 0.05065359477124183 0.07598039215686274
0 0.7214052287581699 0.5870098039215687 0.05065359477124183 0.07598039215686274
0 0.7916666666666666 0.12622549019607843 0.05065359477124183 0.07598039215686274
0 0.8120915032679739 0.23774509803921567 0.049019607843137254 0.07352941176470588
