0 0.29901960784313725 0.39880952380952384 0.058823529411764705 0.10714285714285714
0 0.13725490196078433 0.6369047619047619 0.058823529411764705 0.10714285714285714
0 0.3104575163398693 0.9092261904761905 0.058823529411764705 0.10416666666666667
0 0.2508169934640523 0.7604166666666666 0.05718954248366013 0.10416666666666667
0 0.06535947712418301 0.0744047619047619 0.05555555555555555 0.10119047619047619
0 0.7254901960784313 0.30952380952380953 0.05555555555555555 0.10119047619047619
0 0.8921568627450981 0.8065476190476191 0.05555555555555555 0.10119047619047619
0 0.2565359477124183 0.9151785714285714 0.05555555555555555 0.09821428571428571
0 0.8651960784313726 0.32589285714285715 0.05392156862745098 0.09821428571428571
0 0.5776143790849673 0.84375 0.05065359477124183 0.09226190476190477
0 0.06290849673202614 0.9508928571428571 0.05065359477124183 0.09226190476190477
