0 0.16830065359477125 0.37254901960784315 0.058823529411764705 0.11764705882352941
0 0.6388888888888888 0.6715686274509803 0.058823529411764705 0.11437908496732026
0 0.3627450980392157 0.1568627450980392 0.05555555555555555 0.1111111111111111
0 0.4869281045751634 0.0718954248366013 0.05555555555555555 0.1111111111111111
0 0.46405228758169936 0.3954248366013072 0.05555555555555555 0.1111111111111111
0 0.8300653594771242 0.4869281045751634 0.05555555555555555 0.1111111111111111
0 0.4338235294117647 0.40032679738562094 0.05392156862745098 0.10784313725490197
0 0.5008169934640523 0.12745098039215685 0.05392156862745098 0.10457516339869281
0 0.07761437908496732 0.7434640522875817 0.05065359477124183 0.10130718954248366
0 0.47549019607843135 0.1895424836601307 0.049019607843137254 0.09803921568627451
