0 0.7050653594771242 0.2193627450980392 0.05718954248366013 0.0857843137254902
0 0.6756535947712419 0.5919117647058824 0.05718954248366013 0.0857843137254902
0 0.5179738562091504 0.44362745098039214 0.05555555555555555 0.08333333333333333
0 0.29901960784313725 0.09313725490196079 0.05555555555555555 0.08333333333333333
0 0.8480392156862745 0.20833333333333334 0.05555555555555555 0.08333333333333333
0 0.579248366013072 0.5526960784313726 0.05392156862745098 0.08088235294117647
0 0.8741830065359477 0.3700980392156863 0.05228758169934641 0.0784313725490196
0 0.5825163398692811 0.2928921568627451 0.05065359477124183 0.07598039215686274
0 0.18055555555555555 0.8419117647058824 0.05065359477124183 0.07598039215686274
0 0.6446078431372549 0.20710784313725492 0.05065359477124183 0.07598039215686274
