0 0.38235294117647056 0.8014705882352942 0.058823529411764705 0.08823529411764706
0 0.18627450980392157 0.37745098039215685 0.058823529411764705 0.08823529411764706
0 0.636437908496732 0.5257352941176471 0.05718954248366013 0.0857843137254902
0 0.548202614379085 0.43995098039215685 0.05718954248366013 0.0857843137254902
0 0.7189542483660131 0.44607843137254904 0.05555555555555555 0.08333333333333333
0 0.2834967320261438 0.07230392156862746 0.05392156862745098 0.08088235294117647
0 0.5089869281045751 0.2193627450980392 0.05392156862745098 0.08088235294117647
0 0.701797385620915 0.3897058823529412 0.05392156862745098 0.0784313725490196
0 0.5816993464052288 0.8014705882352942 0.05228758169934641 0.0784313725490196
0 0.25245098039215685 0.11642156862745098 0.05065359477124183 0.07598039215686274
0 0.4877450980392157 0.4693627450980392 0.05065359477124183 0.07598039215686274
