0 0.571078431372549 0.5477941176470589 0.05718954248366013 0.0857843137254902
0 0.6838235294117647 0.5477941176470589 0.05718954248366013 0.0857843137254902
0 0.670751633986928 0.06004901960784314 0.05718954248366013 0.0857843137254902
0 0.7271241830065359 0.13480392156862744 0.05555555555555555 0.08333333333333333
0 0.9297385620915033 0.8112745098039216 0.05555555555555555 0.08333333333333333
0 0.3937908496732026 0.1053921568627451 0.05555555555555555 0.08333333333333333
0 0.45098039215686275 0.8995098039215687 0.05555555555555555 0.08333333333333333
0 0.09395424836601307 0.1213235294117647 0.05392156862745098 0.08088235294117647
0 0.12336601307189543 0.23529411764705882 0.05392156862745098 0.0784313725490196
0 0.704248366013072 0.6593137254901961 0.05228758169934641 0.0784313725490196
0 0.15196078431372548 0.7990196078431373 0.05228758169934641 0.0784313725490196
0 0.4550653594771242 0.8982843137254902 0.05065359477124183 0.07598039215686274
