0 0.10294117647058823 0.3602941176470588 0.058823529411764705 0.08823529411764706
0 0.3464052287581699 0.21568627450980393 0.058823529411764705 0.08823529411764706
0 0.7214052287581699 0.13112745098039216 0.05718954248366013 0.0857843137254902
0 0.35375816993464054 0.3492647058823529 0.05392156862745098 0.08088235294117647
0 0.9665032679738562 0.14338235294117646 0.05392156862745098 0.08088235294117647
0 0.48856209150326796 0.7230392156862745 0.05228758169934641 0.0784313725490196
0 0.29820261437908496 0.3909313725490196 0.05065359477124183 0.07598039215686274
0 0.06944444444444445 0.48161764705882354 0.05065359477124183 0.07598039215686274
0 0.17401960784313725 0.3394607843137255 0.05065359477124183 0.07598039215686274
0 0.6151960784313726 0.8762254901960784 0.05065359477124183 0.07598039215686274
0 0.5964052287581699 0.6752450980392157 0.049019607843137254 0.07107843137254902
