0 0.4877450980392157 0.7120098039215687 0.05718954248366013 0.0857843137254902
0 0.2949346405228758 0.5502450980392157 0.05718954248366013 0.0857843137254902
0 0.6699346405228758 0.6519607843137255 0.05555555555555555 0.08333333333333333
0 0.7450980392156863 0.49019607843137253 0.05555555555555555 0.08333333333333333
0 0.7745098039215687 0.4877450980392157 0.05555555555555555 0.08333333333333333
0 0.9068627450980392 0.6127450980392157 0.05555555555555555 0.08333333333333333
0 0.6568627450980392 0.6764705882352942 0.05228758169934641 0.0784313725490196
0 0.6519607843137255 0.5514705882352942 0.05228758169934641 0.0784313725490196
0 0.9321895424836601 0.9325980392156863 0.05065359477124183 0.07598039215686274
0 0.886437908496732 0.12745098039215685 0.05065359477124183 0.07352941176470588
0 0.08986928104575163 0.9509803921568627 0.049019607843137254 0.07352941176470588
