0 0.21160130718954248 0.7242647058823529 0.05718954248366013 0.0857843137254902
0 0.6470588235294118 0.7034313725490197 0.05555555555555555 0.08333333333333333
0 0.26715686274509803 0.05269607843137255 0.05392156862745098 0.08088235294117647
0 0.7295751633986928 0.19975490196078433 0.05392156862745098 0.08088235294117647
0 0.45016339869281047 0.15808823529411764 0.05392156862745098 0.08088235294117647
0 0.4852941176470588 0.7867647058823529 0.05228758169934641 0.0784313725490196
0 0.33251633986928103 0.8247549019607843 0.05065359477124183 0.07598039215686274
0 0.05800653594771242 0.08700980392156862 0.05065359477124183 0.07598039215686274
0 0.03839869281045752 0.6311274509803921 0.05065359477124183 0.07598039215686274
0 0.6380718954248366 0.5477941176470589 0.05065359477124183 0.07598039215686274
0 0.04493464052287582 0.8480392156862745 0.05065359477124183 0.07352941176470588
