0 0.448125 0.5548266166822868 0.05875 0.08809746954076851
0 0.61 0.901593252108716 0.05875 0.08809746954076851
0 0.38625 0.8144329896907216 0.0575 0.08622305529522024
0 0.725625 0.6850984067478912 0.05625 0.08434864104967198
0 0.7453125 0.7249297094657919 0.055625 0.08341143392689784
0 0.271875 0.6138706654170571 0.055 0.08247422680412371
0 0.4553125 0.13823805060918462 0.054375 0.08153701968134958
0 0.220625 0.4029990627928772 0.05375 0.08059981255857544
0 0.509375 0.8608247422680413 0.0525 0.07778819119025304
0 0.529375 0.5454545454545454 0.05125 0.07685098406747891
0 0.83375 0.6237113402061856 0.05 0.07403936269915651
