0 0.2679738562091503 0.07352941176470588 0.058823529411764705 0.08823529411764706
0 0.7181372549019608 0.4424019607843137 0.05718954248366013 0.0857843137254902
0 0.5743464052287581 0.7144607843137255 0.05718954248366013 0.0857843137254902
0 0.6658496732026143 0.8026960784313726 0.05718954248366013 0.0857843137254902
0 0.5718954248366013 0.41911764705882354 0.05555555555555555 0.08333333333333333
0 0.45751633986928103 0.27328431372549017 0.05555555555555555 0.08088235294117647
0 0.3112745098039216 0.38848039215686275 0.05392156862745098 0.08088235294117647
0 0.4632352941176471 0.45955882352941174 0.05392156862745098 0.08088235294117647
0 0.11274509803921569 0.16911764705882354 0.05228758169934641 0.0784313725490196
0 0.9052287581699346 0.38480392156862747 0.05228758169934641 0.0784313725490196
0 0.9640522875816994 0.7009803921568627 0.05228758169934641 0.0784313725490196
