0 0.43137254901960786 0.7401960784313726 0.058823529411764705 0.08823529411764706
0 0.5310457516339869 0.06372549019607843 0.058823529411764705 0.08823529411764706
0 0.6315359477124183 0.36887254901960786 0.05718954248366013 0.0857843137254902
0 0.744281045751634 0.6237745098039216 0.05718954248366013 0.0857843137254902
0 0.6299019607843137 0.6115196078431373 0.05718954248366013 0.0857843137254902
0 0.7532679738562091 0.42769607843137253 0.05555555555555555 0.08088235294117647
0 0.8504901960784313 0.5110294117647058 0.05392156862745098 0.08088235294117647
0 0.4681372549019608 0.8419117647058824 0.05065359477124183 0.07598039215686274
0 0.27205882352941174 0.5453431372549019 0.05065359477124183 0.07598039215686274
0 0.0784313725490196 0.15196078431372548 0.049019607843137254 0.07352941176470588
