0 0.1184640522875817 0.5110294117647058 0.05718954248366013 0.0857843137254902
0 0.49019607843137253 0.5857843137254902 0.05555555555555555 0.08333333333333333
0 0.6470588235294118 0.8431372549019608 0.05555555555555555 0.08333333333333333
0 0.3333333333333333 0.6715686274509803 0.05555555555555555 0.08333333333333333
0 0.5179738562091504 0.15808823529411764 0.05555555555555555 0.08088235294117647
0 0.39624183006535946 0.47181372549019607 0.05392156862745098 0.08088235294117647
0 0.0915032679738562 0.7107843137254902 0.05228758169934641 0.0784313725490196
0 0.26062091503267976 0.16053921568627452 0.05065359477124183 0.07598039215686274
0 0.11437908496732026 0.7377450980392157 0.049019607843137254 0.07352941176470588
0 0.7532679738562091 0.4803921568627451 0.049019607843137254 0.07352941176470588
