0 0.3758169934640523 0.5036764705882353 0.058823529411764705 0.0857843137254902
0 0.7132352941176471 0.9203431372549019 0.05718954248366013 0.0857843137254902
0 0.5310457516339869 0.16176470588235295 0.05555555555555555 0.08333333333333333
0 0.5939542483660131 0.14338235294117646 0.05392156862745098 0.08088235294117647
0 0.34558823529411764 0.4215686274509804 0.05392156862745098 0.0784313725490196
0 0.696078431372549 0.061274509803921566 0.05228758169934641 0.0784313725490196
0 0.7630718954248366 0.27450980392156865 0.05228758169934641 0.0784313725490196
0 0.07434640522875817 0.40808823529411764 0.05065359477124183 0.07598039215686274
0 0.8700980392156863 0.866421568627451 0.05065359477124183 0.07598039215686274
0 0.5980392156862745 0.4215686274509804 0.049019607843137254 0.07352941176470588
0 0.10947712418300654 0.8848039215686274 0.049019607843137254 0.07352941176470588
