0 0.6830065359477124 0.18382352941176472 0.058823529411764705 0.08823529411764706
0 0.5449346405228758 0.8713235294117647 0.05718954248366013 0.0857843137254902
0 0.8145424836601307 0.866421568627451 0.05718954248366013 0.0857843137254902
0 0.8602941176470589 0.20220588235294118 0.05718954248366013 0.0857843137254902
0 0.9616013071895425 0.2512254901960784 0.05392156862745098 0.08088235294117647
0 0.5808823529411765 0.4375 0.05392156862745098 0.08088235294117647
0 0.6658496732026143 0.5845588235294118 0.05392156862745098 0.08088235294117647
0 0.08823529411764706 0.47549019607843135 0.05228758169934641 0.0784313725490196
0 0.7973856209150327 0.5906862745098039 0.05228758169934641 0.0784313725490196
0 0.5514705882352942 0.30269607843137253 0.05065359477124183 0.07598039215686274
