0 0.315359477124183 0.22549019607843138 0.058823529411764705 0.08823529411764706
0 0.04411764705882353 0.07720588235294118 0.058823529411764705 0.0857843137254902
0 0.5138888888888888 0.08700980392156862 0.05718954248366013 0.0857843137254902
0 0.8848039215686274 0.2340686274509804 0.05718954248366013 0.0857843137254902
0 0.40522875816993464 0.5833333333333334 0.05555555555555555 0.08333333333333333
0 0.1388888888888889 0.6372549019607843 0.05555555555555555 0.08333333333333333
0 0.2434640522875817 0.7769607843137255 0.05555555555555555 0.08333333333333333
0 0.33578431372549017 0.2928921568627451 0.05392156862745098 0.08088235294117647
0 0.6233660130718954 0.2536764705882353 0.05065359477124183 0.07598039215686274
0 0.42401960784313725 0.5159313725490197 0.05065359477124183 0.07598039215686274
0 0.21160130718954248 0.49387254901960786 0.05065359477124183 0.07598039215686274
