0 0.923202614379085 0.09803921568627451 0.058823529411764705 0.08823529411764706
0 0.41094771241830064 0.46200980392156865 0.05718954248366013 0.0857843137254902
0 0.7001633986928104 0.5428921568627451 0.05718954248366013 0.0857843137254902
0 0.7066993464052288 0.5575980392156863 0.05718954248366013 0.0857843137254902
0 0.42483660130718953 0.7083333333333334 0.05555555555555555 0.08333333333333333
0 0.36519607843137253 0.17769607843137256 0.05392156862745098 0.08088235294117647
0 0.09068627450980392 0.3247549019607843 0.05392156862745098 0.08088235294117647
0 0.6977124183006536 0.7671568627450981 0.05228758169934641 0.0784313725490196
0 0.06862745098039216 0.5171568627450981 0.05228758169934641 0.0784313725490196
0 0.696078431372549 0.35049019607843135 0.05228758169934641 0.0784313725490196
