0 0.6584967320261438 0.8011204481792717 0.058823529411764705 0.10084033613445378
0 0.951797385620915 0.7773109243697479 0.05718954248366013 0.09803921568627451
0 0.375 0.08263305322128851 0.05718954248366013 0.09803921568627451
0 0.5898692810457516 0.5490196078431373 0.05555555555555555 0.09523809523809523
0 0.21486928104575165 0.16946778711484595 0.05392156862745098 0.09243697478991597
0 0.14787581699346405 0.8473389355742297 0.05392156862745098 0.09243697478991597
0 0.7483660130718954 0.3445378151260504 0.05228758169934641 0.0896358543417367
0 0.8537581699346405 0.7492997198879552 0.05065359477124183 0.08683473389355742
0 0.9191176470588235 0.9537815126050421 0.05065359477124183 0.08683473389355742
0 0.30637254901960786 0.5028011204481793 0.05065359477124183 0.08683473389355742
