0 0.23366013071895425 0.5294117647058824 0.058823529411764705 0.10084033613445378
0 0.6952614379084967 0.8781512605042017 0.05718954248366013 0.09803921568627451
0 0.09395424836601307 0.8669467787114846 0.05718954248366013 0.09803921568627451
0 0.44607843137254904 0.6386554621848739 0.05555555555555555 0.09523809523809523
0 0.7867647058823529 0.37675070028011204 0.05392156862745098 0.09243697478991597
0 0.6968954248366013 0.33753501400560226 0.05392156862745098 0.09243697478991597
0 0.08905228758169935 0.6708683473389355 0.05392156862745098 0.09243697478991597
0 0.06372549019607843 0.8375350140056023 0.05228758169934641 0.0896358543417367
0 0.20669934640522875 0.31512605042016806 0.05065359477124183 0.08683473389355742
0 0.9093137254901961 0.8613445378151261 0.05065359477124183 0.08683473389355742
0 0.7279411764705882 0.9425770308123249 0.05065359477124183 0.08683473389355742
0 0.6568627450980392 0.8011204481792717 0.049019607843137254 0.08403361344537816
