0 0.7843137254901961 0.2857142857142857 0.058823529411764705 0.10084033613445378
0 0.803921568627451 0.8823529411764706 0.058823529411764705 0.10084033613445378
0 0.24509803921568626 0.37815126050420167 0.058823529411764705 0.10084033613445378
0 0.548202614379085 0.13865546218487396 0.05718954248366013 0.09803921568627451
0 0.5106209150326797 0.18067226890756302 0.05718954248366013 0.09803921568627451
0 0.14133986928104575 0.21708683473389356 0.05718954248366013 0.09803921568627451
0 0.46078431372549017 0.3641456582633053 0.05555555555555555 0.09523809523809523
0 0.5253267973856209 0.5392156862745098 0.05392156862745098 0.09243697478991597
0 0.1568627450980392 0.8291316526610645 0.05228758169934641 0.0896358543417367
0 0.4852941176470588 0.056022408963585436 0.05228758169934641 0.0896358543417367
0 0.9133986928104575 0.773109243697479 0.05228758169934641 0.0896358543417367
