0 0.12908496732026145 0.8455882352941176 0.058823529411764705 0.08823529411764706
0 0.7393790849673203 0.23897058823529413 0.05718954248366013 0.0857843137254902
0 0.4158496732026144 0.36642156862745096 0.05718954248366013 0.0857843137254902
0 0.34068627450980393 0.9325980392156863 0.05718954248366013 0.0857843137254902
0 0.9240196078431373 0.0625 0.05718954248366013 0.0857843137254902
0 0.12009803921568628 0.22916666666666666 0.05718954248366013 0.0857843137254902
0 0.5065359477124183 0.6102941176470589 0.05555555555555555 0.08333333333333333
0 0.5506535947712419 0.041666666666666664 0.05555555555555555 0.08333333333333333
0 0.5220588235294118 0.8149509803921569 0.05392156862745098 0.08088235294117647
0 0.14869281045751634 0.31862745098039214 0.05228758169934641 0.0784313725490196
0 0.13398692810457516 0.19117647058823528 0.049019607843137254 0.07352941176470588
0 0.6568627450980392 0.8406862745098039 0.049019607843137254 0.07352941176470588
