0 0.06699346405228758 0.4987745098039216 0.058823529411764705 0.0857843137254902
0 0.32516339869281047 0.37745098039215685 0.05555555555555555 0.08333333333333333
0 0.9281045751633987 0.42892156862745096 0.05555555555555555 0.08333333333333333
0 0.10866013071895425 0.0428921568627451 0.05392156862745098 0.08088235294117647
0 0.5727124183006536 0.9375 0.05392156862745098 0.08088235294117647
0 0.3472222222222222 0.48161764705882354 0.05392156862745098 0.08088235294117647
0 0.7377450980392157 0.26348039215686275 0.05392156862745098 0.08088235294117647
0 0.06535947712418301 0.7058823529411765 0.05228758169934641 0.0784313725490196
0 0.6070261437908496 0.1017156862745098 0.05065359477124183 0.07598039215686274
0 0.5236928104575164 0.1090686274509804 0.05065359477124183 0.07598039215686274
0 0.43300653594771243 0.5171568627450981 0.049019607843137254 0.07352941176470588
