0 0.8602941176470589 0.38848039215686275 0.05718954248366013 0.0857843137254902
0 0.440359477124183 0.44730392156862747 0.05718954248366013 0.0857843137254902
0 0.46405228758169936 0.41911764705882354 0.05555555555555555 0.08333333333333333
0 0.6233660130718954 0.6458333333333334 0.05392156862745098 0.08088235294117647
0 0.7263071895424836 0.5894607843137255 0.05392156862745098 0.08088235294117647
0 0.5130718954248366 0.41421568627450983 0.05228758169934641 0.0784313725490196
0 0.6805555555555556 0.5943627450980392 0.05065359477124183 0.07598039215686274
0 0.7916666666666666 0.9595588235294118 0.05065359477124183 0.07598039215686274
0 0.7132352941176471 0.4264705882352941 0.05065359477124183 0.07352941176470588
0 0.670751633986928 0.9436274509803921 0.05065359477124183 0.07352941176470588
0 0.678921568627451 0.3382352941176471 0.05065359477124183 0.07352941176470588
0 0.6601307189542484 0.06372549019607843 0.049019607843137254 0.07352941176470588
