0 0.19281045751633988 0.3700980392156863 0.058823529411764705 0.08823529411764706
0 0.26715686274509803 0.19975490196078433 0.05718954248366013 0.0857843137254902
0 0.7900326797385621 0.9375 0.05718954248366013 0.0857843137254902
0 0.5032679738562091 0.8308823529411765 0.05555555555555555 0.08333333333333333
0 0.1919934640522876 0.3075980392156863 0.05392156862745098 0.08088235294117647
0 0.08415032679738563 0.6090686274509803 0.05392156862745098 0.08088235294117647
0 0.5898692810457516 0.8480392156862745 0.05228758169934641 0.0784313725490196
0 0.5874183006535948 0.633578431372549 0.05065359477124183 0.07598039215686274
0 0.9256535947712419 0.8394607843137255 0.05065359477124183 0.07598039215686274
0 0.5383986928104575 0.4987745098039216 0.05065359477124183 0.07598039215686274
0 0.14950980392156862 0.8345588235294118 0.05065359477124183 0.07598039215686274
