0 0.43137254901960786 0.4481792717086835 0.058823529411764705 0.10084033613445378
0 0.9060457516339869 0.39915966386554624 0.05718954248366013 0.09803921568627451
0 0.886437908496732 0.14425770308123248 0.05392156862745098 0.09243697478991597
0 0.7883986928104575 0.1638655462184874 0.05392156862745098 0.09243697478991597
0 0.8464052287581699 0.4565826330532213 0.05228758169934641 0.0896358543417367
0 0.24183006535947713 0.6918767507002801 0.05228758169934641 0.0896358543417367
0 0.4068627450980392 0.13165266106442577 0.05228758169934641 0.0896358543417367
0 0.06781045751633986 0.7464985994397759 0.05065359477124183 0.08683473389355742
0 0.8946078431372549 0.25910364145658266 0.05065359477124183 0.08683473389355742
0 0.4493464052287582 0.14565826330532214 0.049019607843137254 0.08403361344537816
