0 0.7467320261437909 0.22128851540616246 0.058823529411764705 0.10084033613445378
0 0.06209150326797386 0.8053221288515406 0.058823529411764705 0.09803921568627451
0 0.3619281045751634 0.6512605042016807 0.05718954248366013 0.09803921568627451
0 0.38480392156862747 0.3291316526610644 0.05718954248366013 0.09803921568627451
0 0.26143790849673204 0.42016806722689076 0.05555555555555555 0.09523809523809523
0 0.10947712418300654 0.8235294117647058 0.05555555555555555 0.09523809523809523
0 0.9011437908496732 0.18347338935574228 0.05392156862745098 0.09243697478991597
0 0.7606209150326797 0.08123249299719888 0.05392156862745098 0.0896358543417367
0 0.7377450980392157 0.6904761904761905 0.05065359477124183 0.08683473389355742
0 0.7034313725490197 0.6596638655462185 0.05065359477124183 0.08683473389355742
0 0.7663398692810458 0.0700280112044818 0.049019607843137254 0.08403361344537816
