0 0.0392156862745098 0.834733893557423 0.058823529411764705 0.10084033613445378
0 0.6078431372549019 0.2184873949579832 0.058823529411764705 0.10084033613445378
0 0.6062091503267973 0.6946778711484594 0.058823529411764705 0.10084033613445378
0 0.1111111111111111 0.3795518207282913 0.058823529411764705 0.09803921568627451
0 0.6928104575163399 0.6316526610644257 0.058823529411764705 0.09803921568627451
0 0.3700980392156863 0.8417366946778712 0.05718954248366013 0.09803921568627451
0 0.6723856209150327 0.40476190476190477 0.05718954248366013 0.09803921568627451
0 0.22794117647058823 0.9369747899159664 0.05718954248366013 0.09803921568627451
0 0.14215686274509803 0.7675070028011205 0.05555555555555555 0.09523809523809523
0 0.6617647058823529 0.26330532212885155 0.05228758169934641 0.0896358543417367
0 0.7892156862745098 0.8571428571428571 0.05228758169934641 0.0896358543417367
0 0.7867647058823529 0.49719887955182074 0.05065359477124183 0.08683473389355742
