0 0.25163398692810457 0.7513812154696132 0.058823529411764705 0.09944751381215469
0 0.4452614379084967 0.11464088397790055 0.05718954248366013 0.09668508287292818
0 0.548202614379085 0.611878453038674 0.05718954248366013 0.09668508287292818
0 0.951797385620915 0.2638121546961326 0.05718954248366013 0.09668508287292818
0 0.8839869281045751 0.15193370165745856 0.05555555555555555 0.09392265193370165
0 0.7287581699346405 0.47790055248618785 0.05555555555555555 0.09392265193370165
0 0.25980392156862747 0.2292817679558011 0.05228758169934641 0.08839779005524862
0 0.18137254901960784 0.19889502762430938 0.05228758169934641 0.08839779005524862
0 0.20506535947712418 0.6035911602209945 0.05065359477124183 0.0856353591160221
0 0.29330065359477125 0.3301104972375691 0.05065359477124183 0.0856353591160221
0 0.3684640522875817 0.5124309392265194 0.05065359477124183 0.0856353591160221
0 0.553921568627451 0.3839779005524862 0.049019607843137254 0.08287292817679558
