0 0.6879084967320261 0.7927170868347339 0.058823529411764705 0.10084033613445378
0 0.1715686274509804 0.08683473389355742 0.058823529411764705 0.10084033613445378
0 0.8594771241830066 0.13725490196078433 0.058823529411764705 0.10084033613445378
0 0.5637254901960784 0.4411764705882353 0.058823529411764705 0.09803921568627451
0 0.7736928104575164 0.44397759103641454 0.05718954248366013 0.09803921568627451
0 0.625 0.32072829131652664 0.05718954248366013 0.09803921568627451
0 0.41911764705882354 0.484593837535014 0.05718954248366013 0.09523809523809523
0 0.1437908496732026 0.7198879551820728 0.05555555555555555 0.09523809523809523
0 0.934640522875817 0.20448179271708683 0.05555555555555555 0.09523809523809523
0 0.06862745098039216 0.29971988795518206 0.05555555555555555 0.09523809523809523
