0 0.31862745098039214 0.6498599439775911 0.058823529411764705 0.10084033613445378
0 0.4918300653594771 0.23529411764705882 0.058823529411764705 0.10084033613445378
0 0.8537581699346405 0.18907563025210083 0.05718954248366013 0.09803921568627451
0 0.6552287581699346 0.7535014005602241 0.05555555555555555 0.09523809523809523
0 0.06944444444444445 0.4943977591036415 0.05392156862745098 0.09243697478991597
0 0.4272875816993464 0.2535014005602241 0.05392156862745098 0.09243697478991597
0 0.5065359477124183 0.19327731092436976 0.05228758169934641 0.0896358543417367
0 0.6854575163398693 0.6288515406162465 0.05065359477124183 0.08683473389355742
0 0.1968954248366013 0.06302521008403361 0.05065359477124183 0.08683473389355742
0 0.6593137254901961 0.25770308123249297 0.05065359477124183 0.08403361344537816
0 0.07352941176470588 0.9523809523809523 0.049019607843137254 0.08403361344537816
