0 0.3839869281045752 0.4281767955801105 0.058823529411764705 0.09944751381215469
0 0.440359477124183 0.744475138121547 0.05718954248366013 0.09668508287292818
0 0.8799019607843137 0.6422651933701657 0.05718954248366013 0.09668508287292818
0 0.8415032679738562 0.06077348066298342 0.05555555555555555 0.09392265193370165
0 0.15604575163398693 0.7306629834254144 0.05392156862745098 0.09116022099447514
0 0.7704248366013072 0.6201657458563536 0.05392156862745098 0.09116022099447514
0 0.4542483660130719 0.35911602209944754 0.05228758169934641 0.08839779005524862
0 0.8660130718954249 0.23480662983425415 0.05228758169934641 0.08839779005524862
0 0.8415032679738562 0.8066298342541437 0.05228758169934641 0.08839779005524862
0 0.5285947712418301 0.8162983425414365 0.05065359477124183 0.0856353591160221
