0 0.45669934640522875 0.6924019607843137 0.05718954248366013 0.0857843137254902
0 0.5106209150326797 0.26348039215686275 0.05718954248366013 0.0857843137254902
0 0.056372549019607844 0.09926470588235294 0.05718954248366013 0.0857843137254902
0 0.9428104575163399 0.2916666666666667 0.05555555555555555 0.08333333333333333
0 0.23447712418300654 0.12867647058823528 0.05392156862745098 0.08088235294117647
0 0.579248366013072 0.44485294117647056 0.05392156862745098 0.08088235294117647
0 0.6740196078431373 0.5036764705882353 0.05392156862745098 0.08088235294117647
0 0.42320261437908496 0.8725490196078431 0.05228758169934641 0.0784313725490196
0 0.2622549019607843 0.6311274509803921 0.05065359477124183 0.07598039215686274
0 0.5882352941176471 0.6151960784313726 0.049019607843137254 0.07352941176470588
0 0.576797385620915 0.5490196078431373 0.049019607843137254 0.07352941176470588
