0 0.9281045751633987 0.32107843137254904 0.058823529411764705 0.08823529411764706
0 0.8758169934640523 0.5220588235294118 0.058823529411764705 0.08823529411764706
0 0.3055555555555556 0.7034313725490197 0.058823529411764705 0.08823529411764706
0 0.6323529411764706 0.35784313725490197 0.05555555555555555 0.08333333333333333
0 0.2679738562091503 0.6887254901960784 0.05555555555555555 0.08333333333333333
0 0.7483660130718954 0.8063725490196079 0.05555555555555555 0.08333333333333333
0 0.07434640522875817 0.7438725490196079 0.05392156862745098 0.08088235294117647
0 0.375 0.7218137254901961 0.05392156862745098 0.08088235294117647
0 0.2696078431372549 0.7843137254901961 0.05228758169934641 0.0784313725490196
0 0.3472222222222222 0.7708333333333334 0.05065359477124183 0.07598039215686274
