0 0.1454248366013072 0.1642156862745098 0.058823529411764705 0.08823529411764706
0 0.7900326797385621 0.9375 0.05718954248366013 0.0857843137254902
0 0.6168300653594772 0.7463235294117647 0.05718954248366013 0.0857843137254902
0 0.32516339869281047 0.35049019607843135 0.05555555555555555 0.08333333333333333
0 0.75 0.5857843137254902 0.05555555555555555 0.08333333333333333
0 0.7998366013071896 0.5502450980392157 0.05392156862745098 0.08088235294117647
0 0.12663398692810457 0.8492647058823529 0.05392156862745098 0.08088235294117647
0 0.8709150326797386 0.23039215686274508 0.05228758169934641 0.0784313725490196
0 0.09640522875816994 0.35784313725490197 0.05228758169934641 0.0784313725490196
0 0.4125816993464052 0.1409313725490196 0.05065359477124183 0.07598039215686274
0 0.13071895424836602 0.4362745098039216 0.049019607843137254 0.07352941176470588
