0 0.6887254901960784 0.49142156862745096 0.05718954248366013 0.0857843137254902
0 0.0661764705882353 0.6850490196078431 0.05718954248366013 0.0857843137254902
0 0.7401960784313726 0.14950980392156862 0.05555555555555555 0.08333333333333333
0 0.5294117647058824 0.8725490196078431 0.05555555555555555 0.08333333333333333
0 0.23039215686274508 0.08823529411764706 0.05555555555555555 0.08333333333333333
0 0.5147058823529411 0.8872549019607843 0.05555555555555555 0.08333333333333333
0 0.9387254901960784 0.31985294117647056 0.05392156862745098 0.08088235294117647
0 0.29330065359477125 0.08455882352941177 0.05392156862745098 0.08088235294117647
0 0.3194444444444444 0.3394607843137255 0.05392156862745098 0.08088235294117647
0 0.9052287581699346 0.3235294117647059 0.05228758169934641 0.0784313725490196
0 0.8970588235294118 0.18627450980392157 0.05228758169934641 0.0784313725490196
0 0.4803921568627451 0.2622549019607843 0.05228758169934641 0.0784313725490196
