0 0.15849673202614378 0.23529411764705882 0.058823529411764705 0.08823529411764706
0 0.35866013071895425 0.5575980392156863 0.05718954248366013 0.0857843137254902
0 0.4166666666666667 0.05392156862745098 0.05555555555555555 0.08333333333333333
0 0.9379084967320261 0.13725490196078433 0.05555555555555555 0.08333333333333333
0 0.2908496732026144 0.9583333333333334 0.05555555555555555 0.08333333333333333
0 0.9133986928104575 0.7279411764705882 0.05555555555555555 0.08333333333333333
0 0.1053921568627451 0.05024509803921569 0.05392156862745098 0.08088235294117647
0 0.5669934640522876 0.6985294117647058 0.05228758169934641 0.0784313725490196
0 0.6993464052287581 0.8455882352941176 0.05228758169934641 0.0784313725490196
0 0.3815359477124183 0.508578431372549 0.05065359477124183 0.07598039215686274
0 0.17483660130718953 0.8872549019607843 0.049019607843137254 0.07352941176470588
