0 0.3202614379084967 0.6029411764705882 0.058823529411764705 0.08823529411764706
0 0.12581699346405228 0.3872549019607843 0.058823529411764705 0.08823529411764706
0 0.7459150326797386 0.34191176470588236 0.05718954248366013 0.0857843137254902
0 0.9305555555555556 0.2340686274509804 0.05718954248366013 0.0857843137254902
0 0.1437908496732026 0.7426470588235294 0.05555555555555555 0.08333333333333333
0 0.1968954248366013 0.06004901960784314 0.05392156862745098 0.08088235294117647
0 0.39133986928104575 0.7634803921568627 0.05392156862745098 0.08088235294117647
0 0.5612745098039216 0.29044117647058826 0.05392156862745098 0.08088235294117647
0 0.3137254901960784 0.7377450980392157 0.05228758169934641 0.0784313725490196
0 0.5882352941176471 0.3014705882352941 0.05228758169934641 0.0784313725490196
0 0.8856209150326797 0.2426470588235294 0.05228758169934641 0.0784313725490196
0 0.3112745098039216 0.7242647058823529 0.05065359477124183 0.07598039215686274
