0 0.6560457516339869 0.9178921568627451 0.05718954248366013 0.0857843137254902
0 0.40604575163398693 0.3713235294117647 0.05718954248366013 0.0857843137254902
0 0.40441176470588236 0.06985294117647059 0.05392156862745098 0.08088235294117647
0 0.5032679738562091 0.35294117647058826 0.05228758169934641 0.0784313725490196
0 0.923202614379085 0.678921568627451 0.05228758169934641 0.0784313725490196
0 0.6870915032679739 0.6654411764705882 0.05065359477124183 0.07598039215686274
0 0.8455882352941176 0.09681372549019608 0.05065359477124183 0.07598039215686274
0 0.7132352941176471 0.5257352941176471 0.05065359477124183 0.07598039215686274
0 0.07598039215686274 0.07720588235294118 0.05065359477124183 0.07598039215686274
0 0.6143790849673203 0.9142156862745098 0.049019607843137254 0.07352941176470588
0 0.8905228758169934 0.22549019607843138 0.049019607843137254 0.07352941176470588
