0 0.7189542483660131 0.10294117647058823 0.058823529411764705 0.08823529411764706
0 0.7679738562091504 0.20588235294117646 0.058823529411764705 0.08823529411764706
0 0.8120915032679739 0.5392156862745098 0.058823529411764705 0.08823529411764706
0 0.19934640522875818 0.2916666666666667 0.058823529411764705 0.08823529411764706
0 0.30310457516339867 0.41544117647058826 0.05718954248366013 0.0857843137254902
0 0.3741830065359477 0.7671568627450981 0.05555555555555555 0.08333333333333333
0 0.15931372549019607 0.11642156862745098 0.05392156862745098 0.08088235294117647
0 0.6544117647058824 0.5968137254901961 0.05392156862745098 0.08088235294117647
0 0.8929738562091504 0.7732843137254902 0.05392156862745098 0.08088235294117647
0 0.5866013071895425 0.26715686274509803 0.05228758169934641 0.0784313725490196
0 0.7728758169934641 0.46200980392156865 0.049019607843137254 0.07107843137254902
