0 0.07679738562091504 0.571078431372549 0.058823529411764705 0.08823529411764706
0 0.07107843137254902 0.05024509803921569 0.05718954248366013 0.0857843137254902
0 0.4272875816993464 0.08455882352941177 0.05718954248366013 0.0857843137254902
0 0.2875816993464052 0.25 0.05555555555555555 0.08333333333333333
0 0.0915032679738562 0.36519607843137253 0.05555555555555555 0.08333333333333333
0 0.7565359477124183 0.8112745098039216 0.05555555555555555 0.08333333333333333
0 0.22303921568627452 0.28308823529411764 0.05392156862745098 0.08088235294117647
0 0.6053921568627451 0.2977941176470588 0.05392156862745098 0.08088235294117647
0 0.7369281045751634 0.6617647058823529 0.05228758169934641 0.0784313725490196
0 0.670751633986928 0.7806372549019608 0.05065359477124183 0.07598039215686274
0 0.09803921568627451 0.4387254901960784 0.049019607843137254 0.07352941176470588
