0 0.4738562091503268 0.10294117647058823 0.058823529411764705 0.08823529411764706
0 0.5171568627450981 0.22916666666666666 0.05718954248366013 0.0857843137254902
0 0.21160130718954248 0.31862745098039214 0.05718954248366013 0.08333333333333333
0 0.6519607843137255 0.375 0.05555555555555555 0.08333333333333333
0 0.880718954248366 0.32107843137254904 0.05555555555555555 0.08333333333333333
0 0.16993464052287582 0.4583333333333333 0.05555555555555555 0.08333333333333333
0 0.3243464052287582 0.05269607843137255 0.05392156862745098 0.08088235294117647
0 0.10375816993464053 0.9276960784313726 0.05392156862745098 0.08088235294117647
0 0.059640522875817 0.3174019607843137 0.05392156862745098 0.08088235294117647
0 0.051470588235294115 0.6605392156862745 0.05392156862745098 0.08088235294117647
0 0.9665032679738562 0.8848039215686274 0.05065359477124183 0.07352941176470588
0 0.5669934640522876 0.058823529411764705 0.049019607843137254 0.07352941176470588
