0 0.8513071895424836 0.7818627450980392 0.058823529411764705 0.08823529411764706
0 0.6013071895424836 0.5490196078431373 0.05228758169934641 0.0784313725490196
0 0.2565359477124183 0.24509803921568626 0.05228758169934641 0.0784313725490196
0 0.18137254901960784 0.8235294117647058 0.05228758169934641 0.0784313725490196
0 0.3431372549019608 0.1053921568627451 0.05228758169934641 0.0784313725490196
0 0.7426470588235294 0.3443627450980392 0.05065359477124183 0.07598039215686274
0 0.1315359477124183 0.5870098039215687 0.05065359477124183 0.07598039215686274
0 0.8308823529411765 0.20955882352941177 0.05065359477124183 0.07598039215686274
0 0.9027777777777778 0.9595588235294118 0.05065359477124183 0.07598039215686274
0 0.5416666666666666 0.6262254901960784 0.05065359477124183 0.07598039215686274
0 0.6764705882352942 0.4877450980392157 0.049019607843137254 0.07352941176470588
