0 0.11274509803921569 0.11642156862745098 0.058823529411764705 0.0857843137254902
0 0.7883986928104575 0.7561274509803921 0.05718954248366013 0.0857843137254902
0 0.07434640522875817 0.27818627450980393 0.05718954248366013 0.0857843137254902
0 0.8888888888888888 0.6151960784313726 0.05555555555555555 0.08333333333333333
0 0.5098039215686274 0.1568627450980392 0.05555555555555555 0.08333333333333333
0 0.04656862745098039 0.05759803921568627 0.05392156862745098 0.08088235294117647
0 0.14950980392156862 0.29044117647058826 0.05392156862745098 0.08088235294117647
0 0.7712418300653595 0.11764705882352941 0.05228758169934641 0.0784313725490196
0 0.40522875816993464 0.5686274509803921 0.05228758169934641 0.0784313725490196
0 0.4117647058823529 0.1568627450980392 0.05228758169934641 0.0784313725490196
0 0.5620915032679739 0.6090686274509803 0.05228758169934641 0.07598039215686274
