0 0.29901960784313725 0.7083333333333334 0.058823529411764705 0.08823529411764706
0 0.6723856209150327 0.7855392156862745 0.05718954248366013 0.0857843137254902
0 0.9370915032679739 0.22426470588235295 0.05718954248366013 0.0857843137254902
0 0.10784313725490197 0.23774509803921567 0.05555555555555555 0.08333333333333333
0 0.6282679738562091 0.866421568627451 0.05392156862745098 0.08088235294117647
0 0.4150326797385621 0.2769607843137255 0.05228758169934641 0.0784313725490196
0 0.24101307189542484 0.05024509803921569 0.05065359477124183 0.07598039215686274
0 0.6119281045751634 0.1409313725490196 0.05065359477124183 0.07598039215686274
0 0.06781045751633986 0.8700980392156863 0.05065359477124183 0.07352941176470588
0 0.027777777777777776 0.1642156862745098 0.049019607843137254 0.07352941176470588
