0 0.0988562091503268 0.3321078431372549 0.05718954248366013 0.0857843137254902
0 0.9305555555555556 0.15808823529411764 0.05718954248366013 0.0857843137254902
0 0.1895424836601307 0.8578431372549019 0.05555555555555555 0.08333333333333333
0 0.6519607843137255 0.1053921568627451 0.05555555555555555 0.08333333333333333
0 0.190359477124183 0.11397058823529412 0.05065359477124183 0.07598039215686274
0 0.4305555555555556 0.3737745098039216 0.05065359477124183 0.07598039215686274
0 0.42401960784313725 0.6139705882352942 0.05065359477124183 0.07598039215686274
0 0.07434640522875817 0.9424019607843137 0.05065359477124183 0.07598039215686274
0 0.46977124183006536 0.6727941176470589 0.05065359477124183 0.07598039215686274
0 0.2900326797385621 0.7144607843137255 0.05065359477124183 0.07598039215686274
0 0.7687908496732027 0.5698529411764706 0.05065359477124183 0.07598039215686274
0 0.1053921568627451 0.3492647058823529 0.05065359477124183 0.07598039215686274
