0 0.6625816993464052 0.6678921568627451 0.05718954248366013 0.0857843137254902
0 0.8733660130718954 0.2708333333333333 0.05718954248366013 0.0857843137254902
0 0.4714052287581699 0.21446078431372548 0.05718954248366013 0.0857843137254902
0 0.8047385620915033 0.4068627450980392 0.05718954248366013 0.08333333333333333
0 0.886437908496732 0.21691176470588236 0.05392156862745098 0.08088235294117647
0 0.1315359477124183 0.6151960784313726 0.05392156862745098 0.0784313725490196
0 0.3235294117647059 0.44362745098039214 0.05228758169934641 0.0784313725490196
0 0.6486928104575164 0.3713235294117647 0.05228758169934641 0.07598039215686274
0 0.3488562091503268 0.6458333333333334 0.05065359477124183 0.07598039215686274
0 0.25245098039215685 0.45465686274509803 0.05065359477124183 0.07598039215686274
0 0.9428104575163399 0.36519607843137253 0.049019607843137254 0.07352941176470588
