0 0.8496732026143791 0.06906077348066299 0.058823529411764705 0.09944751381215469
0 0.7058823529411765 0.11602209944751381 0.05555555555555555 0.09392265193370165
0 0.45588235294117646 0.8922651933701657 0.05555555555555555 0.09392265193370165
0 0.7875816993464052 0.8480662983425414 0.05555555555555555 0.09392265193370165
0 0.9509803921568627 0.2596685082872928 0.05228758169934641 0.08839779005524862
0 0.8905228758169934 0.919889502762431 0.05228758169934641 0.08839779005524862
0 0.701797385620915 0.47375690607734805 0.05065359477124183 0.0856353591160221
0 0.2312091503267974 0.4074585635359116 0.05065359477124183 0.0856353591160221
0 0.9550653594771242 0.7803867403314917 0.05065359477124183 0.0856353591160221
0 0.2638888888888889 0.537292817679558 0.05065359477124183 0.0856353591160221
0 0.28921568627450983 0.26519337016574585 0.049019607843137254 0.08287292817679558
