0 0.20261437908496732 0.9046321525885559 0.058823529411764705 0.09809264305177112
0 0.826797385620915 0.23433242506811988 0.058823529411764705 0.09809264305177112
0 0.934640522875817 0.7411444141689373 0.05555555555555555 0.09264305177111716
0 0.032679738562091505 0.1907356948228883 0.05555555555555555 0.09264305177111716
0 0.24509803921568626 0.1444141689373297 0.05555555555555555 0.09264305177111716
0 0.8464052287581699 0.771117166212534 0.05228758169934641 0.08719346049046321
0 0.8888888888888888 0.4904632152588556 0.05228758169934641 0.08719346049046321
0 0.029411764705882353 0.5667574931880109 0.05228758169934641 0.08719346049046321
0 0.8888888888888888 0.46866485013623976 0.05228758169934641 0.08719346049046321
0 0.20588235294117646 0.5040871934604905 0.05228758169934641 0.08719346049046321
0 0.9599673202614379 0.885558583106267 0.05065359477124183 0.08174386920980926
