0 0.8480392156862745 0.5095367847411444 0.058823529411764705 0.09809264305177112
0 0.9599673202614379 0.8460490463215259 0.05718954248366013 0.09536784741144415
0 0.5498366013071896 0.5354223433242506 0.05392156862745098 0.08991825613079019
0 0.20506535947712418 0.5272479564032697 0.05392156862745098 0.08991825613079019
0 0.8504901960784313 0.6662125340599455 0.05392156862745098 0.08991825613079019
0 0.15359477124183007 0.6920980926430518 0.05228758169934641 0.08719346049046321
0 0.12581699346405228 0.6811989100817438 0.05228758169934641 0.08719346049046321
0 0.8627450980392157 0.7329700272479565 0.05228758169934641 0.08719346049046321
0 0.15196078431372548 0.7002724795640327 0.05228758169934641 0.08719346049046321
0 0.31699346405228757 0.12534059945504086 0.05228758169934641 0.08719346049046321
0 0.14460784313725492 0.32833787465940056 0.05065359477124183 0.08446866485013624
