0 0.8880718954248366 0.11035422343324251 0.05718954248366013 0.09536784741144415
0 0.0988562091503268 0.055858310626702996 0.05718954248366013 0.09536784741144415
0 0.8047385620915033 0.7316076294277929 0.05718954248366013 0.09536784741144415
0 0.29820261437908496 0.771117166212534 0.05718954248366013 0.09264305177111716
0 0.9526143790849673 0.09809264305177112 0.05555555555555555 0.09264305177111716
0 0.4861111111111111 0.1539509536784741 0.05392156862745098 0.08991825613079019
0 0.8439542483660131 0.22752043596730245 0.05392156862745098 0.08991825613079019
0 0.45669934640522875 0.2574931880108992 0.05392156862745098 0.08991825613079019
0 0.6209150326797386 0.3760217983651226 0.05228758169934641 0.08719346049046321
0 0.6952614379084967 0.7806539509536785 0.05065359477124183 0.08446866485013624
0 0.5661764705882353 0.4373297002724796 0.05065359477124183 0.08446866485013624
0 0.7083333333333334 0.7779291553133515 0.05065359477124183 0.08446866485013624
