0 0.5947712418300654 0.7016574585635359 0.05555555555555555 0.09392265193370165
0 0.9493464052287581 0.17403314917127072 0.05555555555555555 0.09392265193370165
0 0.8766339869281046 0.35497237569060774 0.05392156862745098 0.09116022099447514
0 0.636437908496732 0.5897790055248618 0.05392156862745098 0.09116022099447514
0 0.8978758169934641 0.7251381215469613 0.05392156862745098 0.09116022099447514
0 0.48366013071895425 0.8314917127071824 0.05228758169934641 0.08839779005524862
0 0.9624183006535948 0.2596685082872928 0.05228758169934641 0.08839779005524862
0 0.10866013071895425 0.4654696132596685 0.05065359477124183 0.0856353591160221
0 0.6470588235294118 0.9337016574585635 0.049019607843137254 0.08287292817679558
0 0.09803921568627451 0.4861878453038674 0.049019607843137254 0.08287292817679558
