0 0.3366013071895425 0.13259668508287292 0.058823529411764705 0.09944751381215469
0 0.7393790849673203 0.7223756906077348 0.05718954248366013 0.09668508287292818
0 0.701797385620915 0.43232044198895025 0.05718954248366013 0.09668508287292818
0 0.3014705882352941 0.6312154696132597 0.05718954248366013 0.09668508287292818
0 0.8504901960784313 0.5814917127071824 0.05392156862745098 0.09116022099447514
0 0.5155228758169934 0.8770718232044199 0.05392156862745098 0.09116022099447514
0 0.9452614379084967 0.7914364640883977 0.05392156862745098 0.09116022099447514
0 0.9566993464052288 0.3743093922651934 0.05392156862745098 0.09116022099447514
0 0.5253267973856209 0.8549723756906077 0.05392156862745098 0.09116022099447514
0 0.7687908496732027 0.430939226519337 0.05392156862745098 0.08839779005524862
0 0.3300653594771242 0.48342541436464087 0.05228758169934641 0.08839779005524862
