0 0.33986928104575165 0.7099447513812155 0.058823529411764705 0.09944751381215469
0 0.18218954248366012 0.16160220994475138 0.05718954248366013 0.09668508287292818
0 0.26062091503267976 0.8466850828729282 0.05718954248366013 0.09668508287292818
0 0.24428104575163398 0.7058011049723757 0.05718954248366013 0.09668508287292818
0 0.2908496732026144 0.7458563535911602 0.05555555555555555 0.09392265193370165
0 0.09640522875816994 0.425414364640884 0.05555555555555555 0.09392265193370165
0 0.4354575163398693 0.9267955801104972 0.05392156862745098 0.09116022099447514
0 0.7524509803921569 0.9281767955801105 0.05065359477124183 0.08287292817679558
0 0.6911764705882353 0.3701657458563536 0.049019607843137254 0.08287292817679558
0 0.3758169934640523 0.6795580110497238 0.049019607843137254 0.08287292817679558
0 0.6699346405228758 0.3397790055248619 0.049019607843137254 0.08287292817679558
