0 0.8218954248366013 0.6988950276243094 0.058823529411764705 0.09944751381215469
0 0.8782679738562091 0.12016574585635359 0.05718954248366013 0.09668508287292818
0 0.2181372549019608 0.08977900552486189 0.05718954248366013 0.09668508287292818
0 0.5759803921568627 0.13397790055248618 0.05718954248366013 0.09668508287292818
0 0.5751633986928104 0.2154696132596685 0.05555555555555555 0.09392265193370165
0 0.8929738562091504 0.25 0.05392156862745098 0.09116022099447514
0 0.18137254901960784 0.36187845303867405 0.05228758169934641 0.08839779005524862
0 0.7352941176470589 0.6602209944751382 0.05228758169934641 0.08839779005524862
0 0.41911764705882354 0.48342541436464087 0.05065359477124183 0.08839779005524862
0 0.11764705882352941 0.09806629834254144 0.05228758169934641 0.0856353591160221
0 0.5334967320261438 0.19751381215469613 0.05065359477124183 0.0856353591160221
0 0.4084967320261438 0.6270718232044199 0.049019607843137254 0.08287292817679558
