0 0.4624183006535948 0.930939226519337 0.058823529411764705 0.09944751381215469
0 0.09477124183006536 0.5662983425414365 0.058823529411764705 0.09944751381215469
0 0.6764705882352942 0.48756906077348067 0.058823529411764705 0.09668508287292818
0 0.42892156862745096 0.2776243093922652 0.05718954248366013 0.09668508287292818
0 0.23937908496732027 0.5511049723756906 0.05718954248366013 0.09668508287292818
0 0.3088235294117647 0.11878453038674033 0.05555555555555555 0.09392265193370165
0 0.25163398692810457 0.6049723756906077 0.05228758169934641 0.08839779005524862
0 0.5678104575163399 0.4958563535911602 0.05065359477124183 0.0856353591160221
0 0.6805555555555556 0.5179558011049724 0.05065359477124183 0.0856353591160221
0 0.3292483660130719 0.6091160220994475 0.05065359477124183 0.0856353591160221
0 0.795751633986928 0.8812154696132597 0.049019607843137254 0.08287292817679558
0 0.4934640522875817 0.7375690607734806 0.049019607843137254 0.08287292817679558
