0 0.6274509803921569 0.6933701657458563 0.058823529411764705 0.09944751381215469
0 0.5294117647058824 0.6850828729281768 0.058823529411764705 0.09944751381215469
0 0.24591503267973855 0.05939226519337017 0.05718954248366013 0.09668508287292818
0 0.5334967320261438 0.5732044198895028 0.05718954248366013 0.09668508287292818
0 0.5996732026143791 0.8342541436464088 0.05555555555555555 0.09392265193370165
0 0.8235294117647058 0.8756906077348067 0.05555555555555555 0.09392265193370165
0 0.35130718954248363 0.40607734806629836 0.05555555555555555 0.09392265193370165
0 0.09313725490196079 0.8314917127071824 0.05555555555555555 0.09392265193370165
0 0.7173202614379085 0.15883977900552487 0.05555555555555555 0.09116022099447514
0 0.2769607843137255 0.5290055248618785 0.05065359477124183 0.0856353591160221
0 0.39950980392156865 0.7776243093922652 0.05065359477124183 0.0856353591160221
0 0.8611111111111112 0.4198895027624309 0.049019607843137254 0.08287292817679558
