0 0.7728758169934641 0.06629834254143646 0.058823529411764705 0.09944751381215469
0 0.5351307189542484 0.8080110497237569 0.05718954248366013 0.09668508287292818
0 0.5808823529411765 0.13674033149171272 0.05718954248366013 0.09668508287292818
0 0.826797385620915 0.9005524861878453 0.05555555555555555 0.09392265193370165
0 0.375 0.6146408839779005 0.05392156862745098 0.09116022099447514
0 0.12418300653594772 0.36464088397790057 0.05228758169934641 0.08839779005524862
0 0.47549019607843135 0.5773480662983426 0.05228758169934641 0.08839779005524862
0 0.4861111111111111 0.3328729281767956 0.05065359477124183 0.0856353591160221
0 0.3619281045751634 0.07596685082872928 0.05065359477124183 0.0856353591160221
0 0.954248366013072 0.6850828729281768 0.049019607843137254 0.08287292817679558
