0 0.48937908496732024 0.7324929971988795 0.05718954248366013 0.09803921568627451
0 0.3758169934640523 0.6666666666666666 0.05555555555555555 0.09523809523809523
0 0.7034313725490197 0.0938375350140056 0.05392156862745098 0.09243697478991597
0 0.5645424836601307 0.5756302521008403 0.05392156862745098 0.09243697478991597
0 0.5400326797385621 0.7521008403361344 0.05392156862745098 0.09243697478991597
0 0.8455882352941176 0.49719887955182074 0.05392156862745098 0.09243697478991597
0 0.8349673202614379 0.49299719887955185 0.05228758169934641 0.0896358543417367
0 0.0988562091503268 0.5532212885154062 0.05065359477124183 0.08683473389355742
0 0.8978758169934641 0.7661064425770309 0.05065359477124183 0.08683473389355742
0 0.26715686274509803 0.4579831932773109 0.05065359477124183 0.08683473389355742
