0 0.06862745098039216 0.143646408839779 0.058823529411764705 0.09944751381215469
0 0.41013071895424835 0.7541436464088398 0.058823529411764705 0.09944751381215469
0 0.6078431372549019 0.5497237569060773 0.058823529411764705 0.09944751381215469
0 0.45669934640522875 0.9019337016574586 0.05718954248366013 0.09668508287292818
0 0.4338235294117647 0.5248618784530387 0.05718954248366013 0.09392265193370165
0 0.09558823529411764 0.3743093922651934 0.05392156862745098 0.09116022099447514
0 0.24754901960784315 0.39640883977900554 0.05392156862745098 0.09116022099447514
0 0.03431372549019608 0.143646408839779 0.05228758169934641 0.08839779005524862
0 0.2565359477124183 0.4530386740331492 0.05228758169934641 0.08839779005524862
0 0.886437908496732 0.5124309392265194 0.05065359477124183 0.0856353591160221
0 0.5669934640522876 0.9033149171270718 0.049019607843137254 0.08287292817679558
