0 0.19607843137254902 0.3508771929824561 0.058823529411764705 0.09022556390977443
0 0.45588235294117646 0.9548872180451128 0.058823529411764705 0.09022556390977443
0 0.5040849673202614 0.8609022556390977 0.05718954248366013 0.08771929824561403
0 0.11683006535947713 0.4197994987468672 0.05718954248366013 0.08771929824561403
0 0.42320261437908496 0.12280701754385964 0.05555555555555555 0.08521303258145363
0 0.3839869281045752 0.2706766917293233 0.05555555555555555 0.08521303258145363
0 0.8169934640522876 0.7017543859649122 0.05555555555555555 0.08521303258145363
0 0.28513071895424835 0.5902255639097744 0.05392156862745098 0.08270676691729323
0 0.3880718954248366 0.8032581453634086 0.05392156862745098 0.08270676691729323
0 0.5040849673202614 0.3082706766917293 0.05392156862745098 0.08020050125313283
0 0.6870915032679739 0.10651629072681704 0.05065359477124183 0.07769423558897243
0 0.12908496732026145 0.2982456140350877 0.049019607843137254 0.07518796992481203
