0 0.23039215686274508 0.39348370927318294 0.058823529411764705 0.09022556390977443
0 0.803921568627451 0.4824561403508772 0.05555555555555555 0.08270676691729323
0 0.9550653594771242 0.8107769423558897 0.05392156862745098 0.08270676691729323
0 0.7279411764705882 0.5200501253132832 0.05392156862745098 0.08270676691729323
0 0.2834967320261438 0.16541353383458646 0.05392156862745098 0.08020050125313283
0 0.2908496732026144 0.5288220551378446 0.05228758169934641 0.08020050125313283
0 0.3366013071895425 0.8220551378446115 0.05228758169934641 0.08020050125313283
0 0.11601307189542484 0.6528822055137845 0.05228758169934641 0.07769423558897243
0 0.7050653594771242 0.5877192982456141 0.05065359477124183 0.07769423558897243
0 0.21486928104575165 0.11654135338345864 0.05065359477124183 0.07769423558897243
