0 0.6486928104575164 0.7458563535911602 0.058823529411764705 0.09944751381215469
0 0.6053921568627451 0.3052486187845304 0.05718954248366013 0.09668508287292818
0 0.7344771241830066 0.3770718232044199 0.05718954248366013 0.09668508287292818
0 0.8611111111111112 0.23756906077348067 0.05555555555555555 0.09392265193370165
0 0.19281045751633988 0.08011049723756906 0.05555555555555555 0.09392265193370165
0 0.8455882352941176 0.468232044198895 0.05392156862745098 0.09116022099447514
0 0.3709150326797386 0.5027624309392266 0.05228758169934641 0.08839779005524862
0 0.4803921568627451 0.6961325966850829 0.05228758169934641 0.08839779005524862
0 0.6936274509803921 0.4185082872928177 0.05065359477124183 0.0856353591160221
0 0.6119281045751634 0.6560773480662984 0.05065359477124183 0.0856353591160221
0 0.6282679738562091 0.5234806629834254 0.05065359477124183 0.0856353591160221
