0 0.272875816993464 0.6617647058823529 0.058823529411764705 0.08823529411764706
0 0.7083333333333334 0.9473039215686274 0.05718954248366013 0.0857843137254902
0 0.4125816993464052 0.16299019607843138 0.05718954248366013 0.0857843137254902
0 0.3570261437908497 0.22058823529411764 0.05718954248366013 0.08333333333333333
0 0.15604575163398693 0.6654411764705882 0.05392156862745098 0.08088235294117647
0 0.17565359477124182 0.9350490196078431 0.05392156862745098 0.08088235294117647
0 0.6601307189542484 0.6544117647058824 0.05228758169934641 0.0784313725490196
0 0.6511437908496732 0.7438725490196079 0.05065359477124183 0.07598039215686274
0 0.7491830065359477 0.6764705882352942 0.05065359477124183 0.07352941176470588
0 0.5359477124183006 0.14950980392156862 0.049019607843137254 0.07352941176470588
0 0.7320261437908496 0.5931372549019608 0.049019607843137254 0.07352941176470588
