0 0.3709150326797386 0.17647058823529413 0.058823529411764705 0.08823529411764706
0 0.14297385620915032 0.6090686274509803 0.05718954248366013 0.0857843137254902
0 0.4444444444444444 0.2549019607843137 0.05555555555555555 0.08333333333333333
0 0.18627450980392157 0.21323529411764705 0.05555555555555555 0.08333333333333333
0 0.24183006535947713 0.3946078431372549 0.05555555555555555 0.08333333333333333
0 0.059640522875817 0.2536764705882353 0.05392156862745098 0.08088235294117647
0 0.6315359477124183 0.19975490196078433 0.05392156862745098 0.08088235294117647
0 0.25163398692810457 0.23039215686274508 0.05228758169934641 0.0784313725490196
0 0.7663398692810458 0.27205882352941174 0.05228758169934641 0.0784313725490196
0 0.2173202614379085 0.3002450980392157 0.05228758169934641 0.07598039215686274
0 0.5008169934640523 0.8762254901960784 0.05065359477124183 0.07598039215686274
