0 0.4150326797385621 0.8088235294117647 0.058823529411764705 0.08823529411764706
0 0.7393790849673203 0.5110294117647058 0.05718954248366013 0.0857843137254902
0 0.08905228758169935 0.8063725490196079 0.05718954248366013 0.08333333333333333
0 0.5931372549019608 0.8700980392156863 0.05555555555555555 0.08333333333333333
0 0.6127450980392157 0.8933823529411765 0.05555555555555555 0.08088235294117647
0 0.886437908496732 0.5159313725490197 0.05392156862745098 0.08088235294117647
0 0.6781045751633987 0.18627450980392157 0.05228758169934641 0.0784313725490196
0 0.06290849673202614 0.6139705882352942 0.05065359477124183 0.07598039215686274
0 0.5857843137254902 0.9129901960784313 0.05065359477124183 0.07598039215686274
0 0.031862745098039214 0.6188725490196079 0.05065359477124183 0.07598039215686274
0 0.33251633986928103 0.5281862745098039 0.05065359477124183 0.07598039215686274
