0 0.44362745098039214 0.5868347338935574 0.05718954248366013 0.09803921568627451
0 0.43218954248366015 0.08823529411764706 0.05718954248366013 0.09803921568627451
0 0.9730392156862745 0.7436974789915967 0.05392156862745098 0.09243697478991597
0 0.6151960784313726 0.4523809523809524 0.05392156862745098 0.09243697478991597
0 0.4207516339869281 0.9201680672268907 0.05392156862745098 0.09243697478991597
0 0.12091503267973856 0.35014005602240894 0.05228758169934641 0.0896358543417367
0 0.704248366013072 0.8487394957983193 0.05228758169934641 0.0896358543417367
0 0.37826797385620914 0.7801120448179272 0.05065359477124183 0.08683473389355742
0 0.36356209150326796 0.28431372549019607 0.05065359477124183 0.08683473389355742
0 0.352124183006536 0.623249299719888 0.05065359477124183 0.08683473389355742
0 0.5302287581699346 0.6694677871148459 0.05065359477124183 0.08403361344537816
0 0.026143790849673203 0.27450980392156865 0.049019607843137254 0.08403361344537816
