0 0.1323529411764706 0.6274509803921569 0.05555555555555555 0.09523809523809523
0 0.16339869281045752 0.6778711484593838 0.05555555555555555 0.09523809523809523
0 0.4223856209150327 0.7464985994397759 0.05392156862745098 0.09243697478991597
0 0.3570261437908497 0.696078431372549 0.05392156862745098 0.09243697478991597
0 0.272875816993464 0.3165266106442577 0.05228758169934641 0.0896358543417367
0 0.33986928104575165 0.5574229691876751 0.05228758169934641 0.0896358543417367
0 0.2638888888888889 0.3319327731092437 0.05065359477124183 0.08683473389355742
0 0.31290849673202614 0.11064425770308123 0.05065359477124183 0.08683473389355742
0 0.2426470588235294 0.9341736694677871 0.05065359477124183 0.08683473389355742
0 0.6748366013071896 0.12885154061624648 0.049019607843137254 0.08403361344537816
