0 0.5316205533596838 0.675 0.05928853754940711 0.08333333333333333
0 0.5503952569169961 0.49583333333333335 0.05731225296442688 0.08055555555555556
0 0.516798418972332 0.6236111111111111 0.05731225296442688 0.08055555555555556
0 0.8636363636363636 0.041666666666666664 0.05533596837944664 0.07777777777777778
0 0.08201581027667984 0.7902777777777777 0.0533596837944664 0.075
0 0.38636363636363635 0.8569444444444444 0.0533596837944664 0.075
0 0.7559288537549407 0.5611111111111111 0.0533596837944664 0.07222222222222222
0 0.34782608695652173 0.16666666666666666 0.05138339920948617 0.07222222222222222
0 0.5454545454545454 0.38333333333333336 0.05138339920948617 0.07222222222222222
0 0.8745059288537549 0.41805555555555557 0.04940711462450593 0.06944444444444445
0 0.36462450592885376 0.14027777777777778 0.04940711462450593 0.06944444444444445
