0 0.40019762845849804 0.9569444444444445 0.05731225296442688 0.08055555555555556
0 0.7134387351778656 0.2916666666666667 0.05533596837944664 0.07777777777777778
0 0.5237154150197628 0.9222222222222223 0.05533596837944664 0.07777777777777778
0 0.30039525691699603 0.6555555555555556 0.05533596837944664 0.07777777777777778
0 0.4051383399209486 0.10972222222222222 0.05533596837944664 0.075
0 0.6926877470355731 0.1986111111111111 0.0533596837944664 0.075
0 0.5187747035573123 0.8430555555555556 0.0533596837944664 0.075
0 0.03557312252964427 0.8055555555555556 0.05138339920948617 0.07222222222222222
0 0.2845849802371542 0.08055555555555556 0.05138339920948617 0.07222222222222222
0 0.5128458498023716 0.8597222222222223 0.04940711462450593 0.06944444444444445
