0 0.41205533596837945 0.9597222222222223 0.05731225296442688 0.08055555555555556
0 0.7569169960474308 0.18333333333333332 0.05533596837944664 0.07777777777777778
0 0.958498023715415 0.7805555555555556 0.05533596837944664 0.07777777777777778
0 0.7282608695652174 0.7319444444444444 0.0533596837944664 0.075
0 0.2994071146245059 0.5569444444444445 0.0533596837944664 0.075
0 0.3784584980237154 0.7069444444444445 0.0533596837944664 0.075
0 0.044466403162055336 0.05138888888888889 0.0533596837944664 0.075
0 0.6758893280632411 0.4083333333333333 0.05138339920948617 0.07222222222222222
0 0.9644268774703557 0.3527777777777778 0.05138339920948617 0.07222222222222222
0 0.3142292490118577 0.5472222222222223 0.05138339920948617 0.07222222222222222
