0 0.8675889328063241 0.5361111111111111 0.05928853754940711 0.08333333333333333
0 0.8043478260869565 0.6333333333333333 0.05928853754940711 0.08333333333333333
0 0.17687747035573123 0.12638888888888888 0.05731225296442688 0.08055555555555556
0 0.23616600790513834 0.7402777777777778 0.05731225296442688 0.08055555555555556
0 0.9041501976284585 0.7597222222222222 0.0533596837944664 0.075
0 0.25395256916996045 0.6263888888888889 0.0533596837944664 0.075
0 0.16897233201581027 0.06527777777777778 0.0533596837944664 0.075
0 0.4743083003952569 0.8 0.05138339920948617 0.07222222222222222
0 0.4288537549407115 0.29444444444444445 0.05138339920948617 0.07222222222222222
0 0.22924901185770752 0.07916666666666666 0.05138339920948617 0.06944444444444445
