0 0.33992094861660077 0.5694444444444444 0.05928853754940711 0.08333333333333333
0 0.700592885375494 0.6152777777777778 0.05731225296442688 0.08055555555555556
0 0.383399209486166 0.49722222222222223 0.05533596837944664 0.07777777777777778
0 0.04743083003952569 0.4583333333333333 0.05533596837944664 0.07777777777777778
0 0.3695652173913043 0.20555555555555555 0.05533596837944664 0.07777777777777778
0 0.5197628458498024 0.20833333333333334 0.05533596837944664 0.07777777777777778
0 0.3448616600790514 0.05138888888888889 0.0533596837944664 0.075
0 0.4061264822134387 0.44583333333333336 0.0533596837944664 0.075
0 0.5553359683794467 0.9 0.05138339920948617 0.07222222222222222
0 0.12450592885375494 0.15833333333333333 0.05138339920948617 0.07222222222222222
0 0.22233201581027667 0.5291666666666667 0.04940711462450593 0.06944444444444445
