0 0.6818181818181818 0.18055555555555555 0.05928853754940711 0.08333333333333333
0 0.7035573122529645 0.85 0.05928853754940711 0.08333333333333333
0 0.6897233201581028 0.7722222222222223 0.05928853754940711 0.08333333333333333
0 0.4209486166007905 0.20277777777777778 0.05928853754940711 0.08333333333333333
0 0.4199604743083004 0.7263888888888889 0.05731225296442688 0.08055555555555556
0 0.5948616600790514 0.7722222222222223 0.05533596837944664 0.07777777777777778
0 0.3824110671936759 0.3111111111111111 0.0533596837944664 0.07222222222222222
0 0.8616600790513834 0.9527777777777777 0.05138339920948617 0.07222222222222222
0 0.5830039525691699 0.1 0.05138339920948617 0.07222222222222222
0 0.7559288537549407 0.31805555555555554 0.04940711462450593 0.06944444444444445
