0 0.1067193675889328 0.5972222222222222 0.05928853754940711 0.08333333333333333
0 0.5760869565217391 0.3625 0.05731225296442688 0.08055555555555556
0 0.6798418972332015 0.29444444444444445 0.05533596837944664 0.07777777777777778
0 0.7895256916996047 0.5152777777777777 0.0533596837944664 0.075
0 0.12154150197628459 0.5041666666666667 0.0533596837944664 0.075
0 0.58399209486166 0.45694444444444443 0.0533596837944664 0.075
0 0.8873517786561265 0.7388888888888889 0.05138339920948617 0.07222222222222222
0 0.05928853754940711 0.3861111111111111 0.05138339920948617 0.07222222222222222
0 0.758893280632411 0.09166666666666666 0.05138339920948617 0.07222222222222222
0 0.1274703557312253 0.0375 0.04940711462450593 0.06944444444444445
0 0.12351778656126482 0.42916666666666664 0.04940711462450593 0.06944444444444445
