0 0.5316205533596838 0.5083333333333333 0.05928853754940711 0.08333333333333333
0 0.8517786561264822 0.8833333333333333 0.05928853754940711 0.08333333333333333
0 0.36561264822134387 0.8222222222222222 0.05928853754940711 0.08333333333333333
0 0.7747035573122529 0.058333333333333334 0.05928853754940711 0.08333333333333333
0 0.6788537549407114 0.7458333333333333 0.05731225296442688 0.08055555555555556
0 0.424901185770751 0.10555555555555556 0.05533596837944664 0.07777777777777778
0 0.4268774703557312 0.7777777777777778 0.05533596837944664 0.07777777777777778
0 0.22924901185770752 0.6111111111111112 0.05533596837944664 0.07777777777777778
0 0.05731225296442688 0.3055555555555556 0.05138339920948617 0.07222222222222222
0 0.8725296442687747 0.6263888888888889 0.04940711462450593 0.06944444444444445
