0 0.841897233201581 0.23055555555555557 0.05928853754940711 0.08333333333333333
0 0.9575098814229249 0.2875 0.05731225296442688 0.08055555555555556
0 0.8824110671936759 0.9291666666666667 0.05731225296442688 0.08055555555555556
0 0.7618577075098815 0.6986111111111111 0.05731225296442688 0.08055555555555556
0 0.8043478260869565 0.9472222222222222 0.05533596837944664 0.07777777777777778
0 0.5513833992094862 0.8111111111111111 0.05533596837944664 0.07777777777777778
0 0.25790513833992096 0.059722222222222225 0.0533596837944664 0.075
0 0.4792490118577075 0.8736111111111111 0.0533596837944664 0.075
0 0.13043478260869565 0.5111111111111111 0.05138339920948617 0.07222222222222222
0 0.8754940711462451 0.6305555555555555 0.05138339920948617 0.07222222222222222
0 0.05039525691699605 0.6791666666666667 0.04940711462450593 0.06944444444444445
0 0.817193675889328 0.7388888888888889 0.04940711462450593 0.06666666666666667
