0 0.7312252964426877 0.39444444444444443 0.05928853754940711 0.08333333333333333
0 0.5652173913043478 0.775 0.05928853754940711 0.08333333333333333
0 0.23122529644268774 0.6444444444444445 0.05928853754940711 0.08333333333333333
0 0.2075098814229249 0.7166666666666667 0.05533596837944664 0.07777777777777778
0 0.39031620553359686 0.2513888888888889 0.0533596837944664 0.075
0 0.37648221343873517 0.49583333333333335 0.0533596837944664 0.075
0 0.39920948616600793 0.10833333333333334 0.05138339920948617 0.07222222222222222
0 0.20948616600790515 0.28888888888888886 0.05138339920948617 0.07222222222222222
0 0.5098814229249012 0.075 0.05138339920948617 0.07222222222222222
0 0.191699604743083 0.4361111111111111 0.05138339920948617 0.07222222222222222
