0 0.1324110671936759 0.6055555555555555 0.05928853754940711 0.08333333333333333
0 0.5395256916996047 0.3736111111111111 0.05928853754940711 0.08055555555555556
0 0.2440711462450593 0.9402777777777778 0.05731225296442688 0.08055555555555556
0 0.06620553359683795 0.06527777777777778 0.05731225296442688 0.08055555555555556
0 0.4426877470355731 0.18055555555555555 0.05533596837944664 0.07777777777777778
0 0.4535573122529644 0.1375 0.04940711462450593 0.06944444444444445
0 0.775691699604743 0.3736111111111111 0.04940711462450593 0.06944444444444445
0 0.47134387351778656 0.7125 0.04940711462450593 0.06944444444444445
0 0.8092885375494071 0.4263888888888889 0.04940711462450593 0.06944444444444445
0 0.15118577075098813 0.12361111111111112 0.04940711462450593 0.06944444444444445
0 0.9120553359683794 0.41805555555555557 0.04940711462450593 0.06944444444444445
