0 0.11857707509881422 0.41388888888888886 0.05928853754940711 0.08333333333333333
0 0.14525691699604742 0.12916666666666668 0.05731225296442688 0.08055555555555556
0 0.8992094861660079 0.24722222222222223 0.05533596837944664 0.07777777777777778
0 0.8814229249011858 0.925 0.05533596837944664 0.07777777777777778
0 0.17786561264822134 0.46111111111111114 0.05533596837944664 0.07777777777777778
0 0.6235177865612648 0.7763888888888889 0.0533596837944664 0.075
0 0.12944664031620554 0.3375 0.0533596837944664 0.075
0 0.7579051383399209 0.28194444444444444 0.0533596837944664 0.075
0 0.7934782608695652 0.35555555555555557 0.0533596837944664 0.07222222222222222
0 0.8241106719367589 0.6444444444444445 0.05138339920948617 0.07222222222222222
