0 0.6037549407114624 0.8458333333333333 0.05731225296442688 0.08055555555555556
0 0.441699604743083 0.6791666666666667 0.05731225296442688 0.08055555555555556
0 0.5306324110671937 0.5402777777777777 0.05731225296442688 0.08055555555555556
0 0.20454545454545456 0.9513888888888888 0.05731225296442688 0.08055555555555556
0 0.575098814229249 0.6666666666666666 0.05533596837944664 0.07777777777777778
0 0.09288537549407115 0.35138888888888886 0.05533596837944664 0.075
0 0.11363636363636363 0.6180555555555556 0.0533596837944664 0.075
0 0.4772727272727273 0.8791666666666667 0.0533596837944664 0.075
0 0.575098814229249 0.8611111111111112 0.05138339920948617 0.07222222222222222
0 0.8320158102766798 0.3972222222222222 0.05138339920948617 0.07222222222222222
0 0.6837944664031621 0.19027777777777777 0.05138339920948617 0.06944444444444445
0 0.41205533596837945 0.4847222222222222 0.04940711462450593 0.06944444444444445
