0 0.2816205533596838 0.11527777777777778 0.05731225296442688 0.08055555555555556
0 0.1590909090909091 0.17916666666666667 0.05731225296442688 0.08055555555555556
0 0.45948616600790515 0.4236111111111111 0.05731225296442688 0.08055555555555556
0 0.7312252964426877 0.058333333333333334 0.05533596837944664 0.07777777777777778
0 0.6205533596837944 0.5527777777777778 0.05533596837944664 0.07777777777777778
0 0.2391304347826087 0.6083333333333333 0.05138339920948617 0.07222222222222222
0 0.7055335968379447 0.7638888888888888 0.05138339920948617 0.07222222222222222
0 0.12845849802371542 0.0763888888888889 0.05138339920948617 0.06944444444444445
0 0.6986166007905138 0.7652777777777777 0.04940711462450593 0.06944444444444445
0 0.8586956521739131 0.9236111111111112 0.04940711462450593 0.06944444444444445
0 0.6314229249011858 0.7347222222222223 0.04940711462450593 0.06944444444444445
