0 0.6403162055335968 0.6111111111111112 0.05928853754940711 0.08333333333333333
0 0.6689723320158103 0.25972222222222224 0.05731225296442688 0.08055555555555556
0 0.4871541501976285 0.1736111111111111 0.05731225296442688 0.08055555555555556
0 0.9575098814229249 0.26805555555555555 0.0533596837944664 0.075
0 0.7737154150197628 0.2513888888888889 0.0533596837944664 0.075
0 0.9476284584980237 0.043055555555555555 0.0533596837944664 0.075
0 0.5128458498023716 0.48194444444444445 0.0533596837944664 0.075
0 0.13339920948616601 0.7541666666666667 0.0533596837944664 0.075
0 0.3695652173913043 0.5777777777777777 0.05138339920948617 0.07222222222222222
0 0.9525691699604744 0.475 0.05138339920948617 0.07222222222222222
0 0.5365612648221344 0.8680555555555556 0.04940711462450593 0.06944444444444445
