0 0.66600790513834 0.6472222222222223 0.05928853754940711 0.08333333333333333
0 0.2658102766798419 0.31805555555555554 0.05731225296442688 0.08055555555555556
0 0.17490118577075098 0.33194444444444443 0.05731225296442688 0.08055555555555556
0 0.23715415019762845 0.24166666666666667 0.05533596837944664 0.07777777777777778
0 0.7549407114624506 0.35 0.05533596837944664 0.07777777777777778
0 0.05731225296442688 0.5486111111111112 0.05533596837944664 0.075
0 0.2855731225296443 0.9263888888888889 0.0533596837944664 0.075
0 0.4090909090909091 0.20277777777777778 0.05138339920948617 0.07222222222222222
0 0.5968379446640316 0.03888888888888889 0.05138339920948617 0.07222222222222222
0 0.4525691699604743 0.9 0.05138339920948617 0.07222222222222222
0 0.7569169960474308 0.7055555555555556 0.05138339920948617 0.07222222222222222
0 0.046442687747035576 0.5791666666666667 0.04940711462450593 0.06944444444444445
