0 0.47035573122529645 0.8055555555555556 0.05533596837944664 0.07777777777777778
0 0.6521739130434783 0.9277777777777778 0.05533596837944664 0.07777777777777778
0 0.13537549407114624 0.9152777777777777 0.0533596837944664 0.075
0 0.6768774703557312 0.5041666666666667 0.0533596837944664 0.075
0 0.1907114624505929 0.4041666666666667 0.0533596837944664 0.075
0 0.5019762845849802 0.7194444444444444 0.05138339920948617 0.07222222222222222
0 0.3221343873517787 0.8111111111111111 0.05138339920948617 0.07222222222222222
0 0.3794466403162055 0.4166666666666667 0.05138339920948617 0.07222222222222222
0 0.12450592885375494 0.4583333333333333 0.05138339920948617 0.07222222222222222
0 0.8715415019762845 0.7638888888888888 0.05138339920948617 0.07222222222222222
0 0.36462450592885376 0.6569444444444444 0.04940711462450593 0.06944444444444445
0 0.35276679841897235 0.5680555555555555 0.04940711462450593 0.06944444444444445
