0 0.05065359477124183 0.10416666666666667 0.058823529411764705 0.0857843137254902
0 0.37336601307189543 0.33700980392156865 0.05718954248366013 0.0857843137254902
0 0.34477124183006536 0.30637254901960786 0.05555555555555555 0.08333333333333333
0 0.5400326797385621 0.7389705882352942 0.05392156862745098 0.08088235294117647
0 0.5857843137254902 0.16299019607843138 0.05392156862745098 0.08088235294117647
0 0.44689542483660133 0.4227941176470588 0.05392156862745098 0.08088235294117647
0 0.8570261437908496 0.38848039215686275 0.05392156862745098 0.08088235294117647
0 0.369281045751634 0.6323529411764706 0.05228758169934641 0.0784313725490196
0 0.41013071895424835 0.6029411764705882 0.05228758169934641 0.0784313725490196
0 0.8227124183006536 0.2818627450980392 0.05065359477124183 0.07352941176470588
0 0.4027777777777778 0.5465686274509803 0.05065359477124183 0.07352941176470588
