0 0.7124183006535948 0.5269607843137255 0.058823529411764705 0.08823529411764706
0 0.8406862745098039 0.4571078431372549 0.05718954248366013 0.0857843137254902
0 0.5449346405228758 0.7071078431372549 0.05718954248366013 0.0857843137254902
0 0.11683006535947713 0.49142156862745096 0.05718954248366013 0.0857843137254902
0 0.29901960784313725 0.7058823529411765 0.05555555555555555 0.08333333333333333
0 0.7704248366013072 0.15808823529411764 0.05392156862745098 0.08088235294117647
0 0.7933006535947712 0.9473039215686274 0.05392156862745098 0.08088235294117647
0 0.2908496732026144 0.2107843137254902 0.05228758169934641 0.0784313725490196
0 0.4526143790849673 0.1090686274509804 0.05228758169934641 0.07598039215686274
0 0.13480392156862744 0.7904411764705882 0.05065359477124183 0.07598039215686274
0 0.5939542483660131 0.18504901960784315 0.05065359477124183 0.07598039215686274
