0 0.1388888888888889 0.7352941176470589 0.058823529411764705 0.08823529411764706
0 0.4452614379084967 0.2610294117647059 0.05718954248366013 0.0857843137254902
0 0.2589869281045752 0.36887254901960786 0.05718954248366013 0.0857843137254902
0 0.4076797385620915 0.3590686274509804 0.05718954248366013 0.0857843137254902
0 0.3022875816993464 0.5612745098039216 0.05555555555555555 0.08333333333333333
0 0.4354575163398693 0.07475490196078431 0.05392156862745098 0.08088235294117647
0 0.06535947712418301 0.5980392156862745 0.05228758169934641 0.0784313725490196
0 0.8300653594771242 0.30637254901960786 0.05228758169934641 0.0784313725490196
0 0.09477124183006536 0.16666666666666666 0.05228758169934641 0.0784313725490196
0 0.30637254901960786 0.5061274509803921 0.05065359477124183 0.07598039215686274
0 0.440359477124183 0.7904411764705882 0.05065359477124183 0.07598039215686274
0 0.042483660130718956 0.5735294117647058 0.049019607843137254 0.07352941176470588
