0 0.5556603773584906 0.915625 0.05849056603773585 0.03875
0 0.7028301886792453 0.056875 0.05849056603773585 0.03875
0 0.6264150943396226 0.4 0.05660377358490566 0.0375
0 0.5660377358490566 0.3675 0.05660377358490566 0.0375
0 0.035849056603773584 0.04375 0.05660377358490566 0.0375
0 0.17735849056603772 0.7525 0.05660377358490566 0.0375
0 0.07452830188679245 0.685625 0.05471698113207547 0.03625
0 0.2679245283018868 0.6275 0.052830188679245285 0.035
0 0.033962264150943396 0.23875 0.052830188679245285 0.035
0 0.5811320754716981 0.346875 0.052830188679245285 0.03375
0 0.39528301886792455 0.613125 0.0509433962264151 0.03375
