0 0.8382352941176471 0.6053921568627451 0.058823529411764705 0.08823529411764706
0 0.27205882352941174 0.24632352941176472 0.05718954248366013 0.0857843137254902
0 0.1968954248366013 0.3272058823529412 0.05718954248366013 0.0857843137254902
0 0.3709150326797386 0.6838235294117647 0.05555555555555555 0.08333333333333333
0 0.397875816993464 0.7071078431372549 0.05392156862745098 0.08088235294117647
0 0.41830065359477125 0.8112745098039216 0.05228758169934641 0.0784313725490196
0 0.6977124183006536 0.5490196078431373 0.05228758169934641 0.0784313725490196
0 0.08169934640522876 0.14950980392156862 0.05228758169934641 0.0784313725490196
0 0.8537581699346405 0.2340686274509804 0.05065359477124183 0.07598039215686274
0 0.22712418300653595 0.9068627450980392 0.049019607843137254 0.07352941176470588
