0 0.8741830065359477 0.19607843137254902 0.058823529411764705 0.08823529411764706
0 0.6544117647058824 0.19975490196078433 0.05718954248366013 0.0857843137254902
0 0.28022875816993464 0.8259803921568627 0.05718954248366013 0.08333333333333333
0 0.2761437908496732 0.08700980392156862 0.05555555555555555 0.08088235294117647
0 0.5825163398692811 0.7879901960784313 0.05392156862745098 0.08088235294117647
0 0.2973856209150327 0.27205882352941174 0.05228758169934641 0.0784313725490196
0 0.7794117647058824 0.7475490196078431 0.05228758169934641 0.0784313725490196
0 0.6870915032679739 0.8370098039215687 0.05065359477124183 0.07598039215686274
0 0.44362745098039214 0.5306372549019608 0.05065359477124183 0.07598039215686274
0 0.809640522875817 0.6973039215686274 0.05065359477124183 0.07598039215686274
0 0.03431372549019608 0.10784313725490197 0.049019607843137254 0.07352941176470588
