0 0.6928104575163399 0.6985294117647058 0.058823529411764705 0.08823529411764706
0 0.17892156862745098 0.7438725490196079 0.05718954248366013 0.0857843137254902
0 0.4673202614379085 0.9215686274509803 0.05555555555555555 0.08333333333333333
0 0.1454248366013072 0.2107843137254902 0.05555555555555555 0.08333333333333333
0 0.5718954248366013 0.6200980392156863 0.05555555555555555 0.08333333333333333
0 0.8455882352941176 0.5821078431372549 0.05392156862745098 0.08088235294117647
0 0.696078431372549 0.9338235294117647 0.05228758169934641 0.0784313725490196
0 0.7532679738562091 0.5392156862745098 0.05228758169934641 0.0784313725490196
0 0.8823529411764706 0.4338235294117647 0.049019607843137254 0.07352941176470588
0 0.6683006535947712 0.13970588235294118 0.049019607843137254 0.07352941176470588
