0 0.31862745098039214 0.9240196078431373 0.058823529411764705 0.08823529411764706
0 0.7761437908496732 0.9166666666666666 0.058823529411764705 0.08823529411764706
0 0.0923202614379085 0.4889705882352941 0.05718954248366013 0.0857843137254902
0 0.380718954248366 0.23039215686274508 0.05555555555555555 0.08333333333333333
0 0.20098039215686275 0.19117647058823528 0.05555555555555555 0.08333333333333333
0 0.9125816993464052 0.40318627450980393 0.05392156862745098 0.08088235294117647
0 0.6764705882352942 0.4117647058823529 0.05228758169934641 0.0784313725490196
0 0.5857843137254902 0.4693627450980392 0.05065359477124183 0.07598039215686274
0 0.25735294117647056 0.11274509803921569 0.05065359477124183 0.07352941176470588
0 0.9035947712418301 0.8161764705882353 0.049019607843137254 0.07352941176470588
