0 0.6446078431372549 0.31495098039215685 0.05718954248366013 0.0857843137254902
0 0.5808823529411765 0.8884803921568627 0.05718954248366013 0.0857843137254902
0 0.4199346405228758 0.058823529411764705 0.05555555555555555 0.08333333333333333
0 0.8725490196078431 0.5759803921568627 0.05555555555555555 0.08333333333333333
0 0.16666666666666666 0.7732843137254902 0.05555555555555555 0.08088235294117647
0 0.18218954248366012 0.9497549019607843 0.05392156862745098 0.08088235294117647
0 0.6151960784313726 0.4522058823529412 0.05392156862745098 0.08088235294117647
0 0.6993464052287581 0.6200980392156863 0.05228758169934641 0.0784313725490196
0 0.7671568627450981 0.4889705882352941 0.05065359477124183 0.07598039215686274
0 0.12663398692810457 0.31495098039215685 0.05065359477124183 0.07598039215686274
0 0.2622549019607843 0.8909313725490197 0.05065359477124183 0.07598039215686274
