0 0.5294117647058824 0.3946078431372549 0.058823529411764705 0.08823529411764706
0 0.6004901960784313 0.4963235294117647 0.05718954248366013 0.0857843137254902
0 0.6274509803921569 0.571078431372549 0.05555555555555555 0.08333333333333333
0 0.39705882352941174 0.6838235294117647 0.05555555555555555 0.08333333333333333
0 0.24836601307189543 0.24754901960784315 0.05555555555555555 0.08333333333333333
0 0.9338235294117647 0.3860294117647059 0.05392156862745098 0.08088235294117647
0 0.4027777777777778 0.38848039215686275 0.05392156862745098 0.08088235294117647
0 0.07598039215686274 0.07230392156862746 0.05392156862745098 0.08088235294117647
0 0.8194444444444444 0.7071078431372549 0.05392156862745098 0.08088235294117647
0 0.2107843137254902 0.20588235294117646 0.05228758169934641 0.0784313725490196
0 0.5506535947712419 0.3394607843137255 0.05228758169934641 0.07598039215686274
0 0.22303921568627452 0.8884803921568627 0.05065359477124183 0.07598039215686274
