0 0.5220588235294118 0.31495098039215685 0.05718954248366013 0.0857843137254902
0 0.4681372549019608 0.35171568627450983 0.05718954248366013 0.0857843137254902
0 0.35866013071895425 0.8419117647058824 0.05718954248366013 0.0857843137254902
0 0.04084967320261438 0.16176470588235295 0.05555555555555555 0.08333333333333333
0 0.29901960784313725 0.23529411764705882 0.05555555555555555 0.08333333333333333
0 0.6797385620915033 0.8909313725490197 0.05555555555555555 0.08088235294117647
0 0.6674836601307189 0.8394607843137255 0.05392156862745098 0.08088235294117647
0 0.8112745098039216 0.866421568627451 0.05392156862745098 0.08088235294117647
0 0.7001633986928104 0.23651960784313725 0.05392156862745098 0.08088235294117647
0 0.184640522875817 0.6127450980392157 0.05228758169934641 0.0784313725490196
0 0.8423202614379085 0.32230392156862747 0.05065359477124183 0.07598039215686274
0 0.4338235294117647 0.9375 0.05065359477124183 0.07598039215686274
