0 0.37826797385620914 0.48651960784313725 0.05718954248366013 0.0857843137254902
0 0.24918300653594772 0.4644607843137255 0.05718954248366013 0.0857843137254902
0 0.9436274509803921 0.15073529411764705 0.05718954248366013 0.0857843137254902
0 0.6495098039215687 0.29534313725490197 0.05718954248366013 0.0857843137254902
0 0.4820261437908497 0.7230392156862745 0.05555555555555555 0.08333333333333333
0 0.035130718954248366 0.5674019607843137 0.05392156862745098 0.08088235294117647
0 0.7671568627450981 0.7438725490196079 0.05392156862745098 0.08088235294117647
0 0.03104575163398693 0.23284313725490197 0.05228758169934641 0.0784313725490196
0 0.3709150326797386 0.2034313725490196 0.05228758169934641 0.0784313725490196
0 0.8766339869281046 0.23161764705882354 0.05065359477124183 0.07598039215686274
0 0.0923202614379085 0.19240196078431374 0.05065359477124183 0.07598039215686274
