0 0.7401960784313726 0.44607843137254904 0.058823529411764705 0.08823529411764706
0 0.9550653594771242 0.4987745098039216 0.05718954248366013 0.0857843137254902
0 0.9632352941176471 0.4056372549019608 0.05718954248366013 0.0857843137254902
0 0.9003267973856209 0.8602941176470589 0.05555555555555555 0.08333333333333333
0 0.49019607843137253 0.13970588235294118 0.05555555555555555 0.08333333333333333
0 0.4738562091503268 0.4019607843137255 0.05555555555555555 0.08333333333333333
0 0.7254901960784313 0.23774509803921567 0.05555555555555555 0.08333333333333333
0 0.8202614379084967 0.34558823529411764 0.05555555555555555 0.08333333333333333
0 0.05228758169934641 0.9129901960784313 0.05555555555555555 0.08088235294117647
0 0.37826797385620914 0.9301470588235294 0.05065359477124183 0.07598039215686274
0 0.951797385620915 0.16299019607843138 0.05065359477124183 0.07598039215686274
0 0.24101307189542484 0.7193627450980392 0.05065359477124183 0.07598039215686274
