0 0.1707516339869281 0.3394607843137255 0.05718954248366013 0.0857843137254902
0 0.6053921568627451 0.18259803921568626 0.05392156862745098 0.08088235294117647
0 0.4223856209150327 0.13848039215686275 0.05392156862745098 0.08088235294117647
0 0.24918300653594772 0.16544117647058823 0.05392156862745098 0.08088235294117647
0 0.43709150326797386 0.41544117647058826 0.05392156862745098 0.08088235294117647
0 0.5367647058823529 0.07230392156862746 0.05392156862745098 0.08088235294117647
0 0.8284313725490197 0.19607843137254902 0.05228758169934641 0.0784313725490196
0 0.7050653594771242 0.7022058823529411 0.05065359477124183 0.07598039215686274
0 0.37826797385620914 0.7855392156862745 0.05065359477124183 0.07598039215686274
0 0.5637254901960784 0.3946078431372549 0.049019607843137254 0.07352941176470588
0 0.37745098039215685 0.6838235294117647 0.049019607843137254 0.07352941176470588
