0 0.9313725490196079 0.7377450980392157 0.058823529411764705 0.08823529411764706
0 0.35294117647058826 0.2916666666666667 0.058823529411764705 0.08823529411764706
0 0.8374183006535948 0.8982843137254902 0.05718954248366013 0.0857843137254902
0 0.9526143790849673 0.3799019607843137 0.05555555555555555 0.08333333333333333
0 0.8856209150326797 0.23529411764705882 0.05555555555555555 0.08333333333333333
0 0.8137254901960784 0.7892156862745098 0.05555555555555555 0.08333333333333333
0 0.2369281045751634 0.051470588235294115 0.05555555555555555 0.08333333333333333
0 0.9665032679738562 0.7855392156862745 0.05392156862745098 0.08088235294117647
0 0.08169934640522876 0.0392156862745098 0.05228758169934641 0.0784313725490196
0 0.21323529411764705 0.7659313725490197 0.05065359477124183 0.07598039215686274
0 0.13970588235294118 0.34681372549019607 0.05065359477124183 0.07598039215686274
