0 0.07679738562091504 0.14950980392156862 0.058823529411764705 0.08823529411764706
0 0.12418300653594772 0.5220588235294118 0.058823529411764705 0.08823529411764706
0 0.24836601307189543 0.3014705882352941 0.058823529411764705 0.08823529411764706
0 0.6429738562091504 0.7095588235294118 0.05718954248366013 0.0857843137254902
0 0.7336601307189542 0.04411764705882353 0.05555555555555555 0.08333333333333333
0 0.3611111111111111 0.9436274509803921 0.05555555555555555 0.08333333333333333
0 0.4411764705882353 0.24754901960784315 0.05228758169934641 0.0784313725490196
0 0.553921568627451 0.875 0.05228758169934641 0.0784313725490196
0 0.9125816993464052 0.7487745098039216 0.05065359477124183 0.07598039215686274
0 0.125 0.42034313725490197 0.05065359477124183 0.07598039215686274
