0 0.16339869281045752 0.8946078431372549 0.058823529411764705 0.08823529411764706
0 0.5588235294117647 0.9399509803921569 0.058823529411764705 0.0857843137254902
0 0.6535947712418301 0.6580882352941176 0.058823529411764705 0.0857843137254902
0 0.056372549019607844 0.8272058823529411 0.05718954248366013 0.0857843137254902
0 0.7720588235294118 0.4178921568627451 0.05718954248366013 0.0857843137254902
0 0.9125816993464052 0.1948529411764706 0.05718954248366013 0.0857843137254902
0 0.6470588235294118 0.9093137254901961 0.05555555555555555 0.08333333333333333
0 0.7843137254901961 0.11274509803921569 0.05555555555555555 0.08333333333333333
0 0.5187908496732027 0.4105392156862745 0.05392156862745098 0.08088235294117647
0 0.0988562091503268 0.6115196078431373 0.05065359477124183 0.07598039215686274
0 0.24591503267973855 0.8186274509803921 0.05065359477124183 0.07352941176470588
