0 0.4852941176470588 0.7647058823529411 0.058823529411764705 0.08823529411764706
0 0.21568627450980393 0.40441176470588236 0.058823529411764705 0.08823529411764706
0 0.4812091503267974 0.6973039215686274 0.05718954248366013 0.0857843137254902
0 0.6437908496732027 0.38480392156862747 0.05555555555555555 0.08333333333333333
0 0.5383986928104575 0.1090686274509804 0.05392156862745098 0.08088235294117647
0 0.4877450980392157 0.5392156862745098 0.05392156862745098 0.0784313725490196
0 0.6021241830065359 0.7279411764705882 0.05392156862745098 0.0784313725490196
0 0.21241830065359477 0.07352941176470588 0.05228758169934641 0.0784313725490196
0 0.9616013071895425 0.9203431372549019 0.05065359477124183 0.07598039215686274
0 0.5098039215686274 0.7254901960784313 0.049019607843137254 0.07352941176470588
0 0.07026143790849673 0.8504901960784313 0.049019607843137254 0.07352941176470588
