0 0.21895424836601307 0.5882352941176471 0.058823529411764705 0.08823529411764706
0 0.7565359477124183 0.5367647058823529 0.058823529411764705 0.08823529411764706
0 0.06290849673202614 0.7708333333333334 0.05718954248366013 0.0857843137254902
0 0.32598039215686275 0.8149509803921569 0.05718954248366013 0.0857843137254902
0 0.7124183006535948 0.2034313725490196 0.05555555555555555 0.08333333333333333
0 0.7516339869281046 0.803921568627451 0.05555555555555555 0.08333333333333333
0 0.20669934640522875 0.17524509803921567 0.05392156862745098 0.08088235294117647
0 0.119281045751634 0.928921568627451 0.05228758169934641 0.0784313725490196
0 0.30310457516339867 0.9129901960784313 0.05065359477124183 0.07598039215686274
0 0.6544117647058824 0.6090686274509803 0.05065359477124183 0.07598039215686274
